Amplification Plots		
		
A1, Repl. 1, 01_3E4_3uL_  Qty or , FAM	Cycles	Fluorescence (dRn)
	1	0.01153
	2	0.00414
	3	0.00172
	4	0.00016
	5	0.00126
	6	0.0028
	7	-0.00175
	8	-0.00457
	9	-0.00288
	10	-0.0013
	11	0.00015
	12	-0.00066
	13	-0.00269
	14	-0.0031
	15	-0.00175
	16	0.00054
	17	0.00091
	18	0.00036
	19	0.00241
	20	0.00425
	21	0.00932
	22	0.02095
	23	0.04349
	24	0.08694
	25	0.14893
	26	0.22779
	27	0.32047
	28	0.42616
	29	0.54024
	30	0.65357
	31	0.76805
	32	0.87523
	33	0.979
	34	1.08002
	35	1.17391
	36	1.26109
	37	1.34169
	38	1.42113
	39	1.4934
	40	1.55349
	41	1.60897
	42	1.66247
	43	1.71048
	44	1.75254
	45	1.78848
	46	1.81566
	47	1.83638
	48	1.85568
	49	1.87318
	50	1.89128
A2, Repl. 1, 01_3E4_3uL_  Qty or , FAM	Cycles	Fluorescence (dRn)
	1	0.02167
	2	0.0169
	3	0.01076
	4	0.00576
	5	0.00599
	6	0.00594
	7	0.00033
	8	-0.00345
	9	-0.00079
	10	0.00076
	11	0.00196
	12	0.00274
	13	0.00027
	14	-0.00178
	15	0.00046
	16	0.00179
	17	0.0004
	18	-0.00042
	19	-0.00225
	20	-0.0018
	21	0.00607
	22	0.01972
	23	0.04253
	24	0.08357
	25	0.14185
	26	0.21406
	27	0.29996
	28	0.39831
	29	0.50429
	30	0.60921
	31	0.71276
	32	0.8141
	33	0.915
	34	1.01324
	35	1.09868
	36	1.17732
	37	1.25983
	38	1.33935
	39	1.40917
	40	1.47177
	41	1.52612
	42	1.57369
	43	1.62415
	44	1.67683
	45	1.71134
	46	1.73369
	47	1.75515
	48	1.77733
	49	1.80033
	50	1.82091
A3, Repl. 1, 01_3E4_3uL_  Qty or , FAM	Cycles	Fluorescence (dRn)
	1	0.035
	2	0.01975
	3	0.0114
	4	0.00769
	5	0.00676
	6	0.00611
	7	0.00122
	8	-0.00235
	9	-0.00025
	10	0.00206
	11	0.00097
	12	-0.00102
	13	-0.00118
	14	-0.00023
	15	0.00026
	16	0.00092
	17	0.00037
	18	-0.00096
	19	-0.00061
	20	0.0008
	21	0.00693
	22	0.02044
	23	0.04148
	24	0.07948
	25	0.13911
	26	0.21599
	27	0.30697
	28	0.41
	29	0.52052
	30	0.62947
	31	0.73338
	32	0.83443
	33	0.93795
	34	1.03921
	35	1.13248
	36	1.21287
	37	1.28576
	38	1.35713
	39	1.42489
	40	1.48858
	41	1.54382
	42	1.59058
	43	1.63414
	44	1.67408
	45	1.69997
	46	1.71827
	47	1.73957
	48	1.75746
	49	1.77194
	50	1.78919
B1, Repl. 2, 02_3E3_3uL_  Qty or , FAM	Cycles	Fluorescence (dRn)
	1	0.00986
	2	0.00915
	3	0.00928
	4	0.00887
	5	0.00846
	6	0.00692
	7	0.00588
	8	0.0016
	9	-0.00309
	10	-0.00262
	11	0.00005
	12	0.00132
	13	0.00061
	14	-0.00073
	15	-0.00183
	16	-0.00318
	17	-0.00233
	18	-0.00303
	19	-0.00104
	20	0.00247
	21	0.00266
	22	0.00204
	23	0.00122
	24	0.0043
	25	0.01199
	26	0.03114
	27	0.05982
	28	0.09981
	29	0.16057
	30	0.23552
	31	0.31867
	32	0.40905
	33	0.50249
	34	0.59562
	35	0.68599
	36	0.77554
	37	0.86179
	38	0.94037
	39	1.01513
	40	1.08627
	41	1.15708
	42	1.22119
	43	1.28041
	44	1.34228
	45	1.39909
	46	1.4412
	47	1.4809
	48	1.52382
	49	1.55373
	50	1.58121
B2, Repl. 2, 02_3E3_3uL_  Qty or , FAM	Cycles	Fluorescence (dRn)
	1	0.00413
	2	0.00164
	3	0.0009
	4	0.00235
	5	0.00303
	6	0.00117
	7	0.00092
	8	-0.00045
	9	-0.00178
	10	-0.00162
	11	-0.0019
	12	-0.00145
	13	-0.00205
	14	-0.00266
	15	-0.00247
	16	-0.00174
	17	0.00035
	18	-0.00176
	19	-0.00186
	20	-0.00109
	21	-0.00012
	22	0.00339
	23	0.00284
	24	0.00435
	25	0.0112
	26	0.0258
	27	0.05038
	28	0.09087
	29	0.15504
	30	0.2332
	31	0.31898
	32	0.4121
	33	0.50906
	34	0.61072
	35	0.71064
	36	0.80693
	37	0.90328
	38	0.99404
	39	1.08048
	40	1.16351
	41	1.23311
	42	1.29385
	43	1.35705
	44	1.42033
	45	1.46996
	46	1.50073
	47	1.53723
	48	1.58227
	49	1.61949
	50	1.65447
B3, Repl. 2, 02_3E3_3uL_  Qty or , FAM	Cycles	Fluorescence (dRn)
	1	0.00471
	2	0.00104
	3	-0.00235
	4	-0.00016
	5	0.00285
	6	0.00572
	7	0.00325
	8	-0.0028
	9	-0.00212
	10	-0.00094
	11	-0.00208
	12	-0.00265
	13	-0.0014
	14	-0.00136
	15	-0.00318
	16	-0.00213
	17	-0.00023
	18	-0.00108
	19	-0.00012
	20	0.00167
	21	0.00189
	22	0.00265
	23	0.00207
	24	0.00572
	25	0.01683
	26	0.03705
	27	0.07008
	28	0.11684
	29	0.18526
	30	0.273
	31	0.3716
	32	0.47392
	33	0.57925
	34	0.68997
	35	0.80062
	36	0.90548
	37	1.00254
	38	1.09948
	39	1.19347
	40	1.27552
	41	1.35241
	42	1.42667
	43	1.49049
	44	1.55514
	45	1.61202
	46	1.65339
	47	1.69612
	48	1.74166
	49	1.7856
	50	1.8286
C1, Repl. 3, 03_3E2_3uL_  Qty or , FAM	Cycles	Fluorescence (dRn)
	1	0.01003
	2	0.00701
	3	0.00393
	4	0.00177
	5	0.00007
	6	-0.00113
	7	0.00109
	8	0.0019
	9	-0.00165
	10	-0.00293
	11	-0.00232
	12	-0.00446
	13	-0.00276
	14	0.00104
	15	0.00411
	16	0.00281
	17	-0.00152
	18	-0.00143
	19	0.00079
	20	0.0005
	21	0.00067
	22	0.00043
	23	-0.00451
	24	-0.0045
	25	-0.00056
	26	0.00224
	27	0.00641
	28	0.01339
	29	0.0283
	30	0.05312
	31	0.09711
	32	0.15525
	33	0.22808
	34	0.32272
	35	0.42384
	36	0.51959
	37	0.61579
	38	0.71503
	39	0.81517
	40	0.916
	41	1.00859
	42	1.09024
	43	1.16851
	44	1.24877
	45	1.327
	46	1.39795
	47	1.45929
	48	1.51329
	49	1.56458
	50	1.61557
C2, Repl. 3, 03_3E2_3uL_  Qty or , FAM	Cycles	Fluorescence (dRn)
	1	0.0031
	2	0.00258
	3	0.00281
	4	0.00383
	5	0.00401
	6	0.00353
	7	0.00324
	8	0.00091
	9	-0.00182
	10	0.00066
	11	0.00106
	12	-0.00233
	13	-0.00417
	14	-0.00581
	15	-0.0031
	16	-0.00064
	17	-0.00435
	18	-0.00735
	19	-0.00752
	20	-0.00463
	21	-0.00427
	22	-0.00632
	23	-0.0044
	24	0.00184
	25	0.00698
	26	0.01073
	27	0.01453
	28	0.01749
	29	0.02696
	30	0.05018
	31	0.0908
	32	0.14493
	33	0.21545
	34	0.30634
	35	0.40744
	36	0.51099
	37	0.6124
	38	0.71064
	39	0.81466
	40	0.91643
	41	1.0083
	42	1.09958
	43	1.18253
	44	1.26148
	45	1.3424
	46	1.41355
	47	1.47474
	48	1.53183
	49	1.58358
	50	1.63294
C3, Repl. 3, 03_3E2_3uL_  Qty or , FAM	Cycles	Fluorescence (dRn)
	1	0.0005
	2	0.00028
	3	0.00082
	4	0.00057
	5	0.00102
	6	0.00375
	7	0.00405
	8	0.00081
	9	-0.00231
	10	-0.00286
	11	-0.0009
	12	-0.00005
	13	0.00004
	14	-0.00143
	15	-0.00077
	16	0.00178
	17	0.00015
	18	-0.00494
	19	-0.00555
	20	-0.00189
	21	-0.00266
	22	-0.00304
	23	-0.00154
	24	0.00127
	25	0.00305
	26	0.00385
	27	0.0065
	28	0.01381
	29	0.0263
	30	0.04743
	31	0.08476
	32	0.14048
	33	0.21236
	34	0.29495
	35	0.38868
	36	0.49066
	37	0.58968
	38	0.68562
	39	0.78534
	40	0.88278
	41	0.97104
	42	1.05398
	43	1.13111
	44	1.20768
	45	1.28629
	46	1.352
	47	1.40606
	48	1.45766
	49	1.50903
	50	1.56082
D1, Repl. 4, 04_3E1_3uL_  Qty or , FAM	Cycles	Fluorescence (dRn)
	1	0.00805
	2	0.00587
	3	0.00207
	4	-0.00199
	5	-0.00079
	6	0.00078
	7	0.00094
	8	0.00185
	9	-0.00089
	10	-0.00181
	11	-0.00091
	12	-0.00081
	13	0.00149
	14	0.00434
	15	0.00492
	16	0.00102
	17	-0.00362
	18	-0.00422
	19	-0.00221
	20	0.00026
	21	-0.00016
	22	-0.00125
	23	0.00069
	24	0.00029
	25	-0.00116
	26	-0.00146
	27	-0.00236
	28	-0.00408
	29	-0.00223
	30	0.00329
	31	0.008
	32	0.01403
	33	0.02711
	34	0.05519
	35	0.09752
	36	0.15306
	37	0.22048
	38	0.29888
	39	0.39021
	40	0.48191
	41	0.56857
	42	0.65881
	43	0.7475
	44	0.82951
	45	0.91543
	46	0.99575
	47	1.06434
	48	1.12828
	49	1.19229
	50	1.25937
D2, Repl. 4, 04_3E1_3uL_  Qty or , FAM	Cycles	Fluorescence (dRn)
	1	0.0001
	2	-0.0011
	3	-0.00001
	4	0.00007
	5	0.00043
	6	-0.00078
	7	0.00055
	8	0.00285
	9	0.00069
	10	-0.0012
	11	-0.00106
	12	-0.00057
	13	0.00046
	14	0.00205
	15	0.00279
	16	-0.00033
	17	-0.00207
	18	-0.00062
	19	0.00055
	20	0.00185
	21	0.00077
	22	0.00029
	23	-0.00253
	24	-0.00336
	25	-0.00015
	26	-0.00266
	27	-0.00445
	28	-0.00253
	29	-0.00065
	30	0.00362
	31	0.00709
	32	0.01272
	33	0.02712
	34	0.05549
	35	0.09509
	36	0.15123
	37	0.22485
	38	0.30642
	39	0.40028
	40	0.49945
	41	0.59686
	42	0.69225
	43	0.78811
	44	0.88113
	45	0.97278
	46	1.05822
	47	1.13621
	48	1.21331
	49	1.28868
	50	1.36447
D3, Repl. 4, 04_3E1_3uL_  Qty or , FAM	Cycles	Fluorescence (dRn)
	1	0.01132
	2	0.00595
	3	0.00405
	4	0.00396
	5	0.00273
	6	0.00233
	7	0.00518
	8	0.00599
	9	0.00224
	10	-0.00065
	11	-0.00092
	12	0.00004
	13	-0.00142
	14	-0.00291
	15	-0.00141
	16	-0.00411
	17	-0.00474
	18	0.00034
	19	0.00194
	20	0.00164
	21	0.00106
	22	-0.00137
	23	-0.00481
	24	-0.00555
	25	-0.00284
	26	-0.00124
	27	0.00051
	28	-0.00082
	29	-0.00131
	30	0.005
	31	0.01015
	32	0.01744
	33	0.03372
	34	0.06433
	35	0.11156
	36	0.17856
	37	0.26191
	38	0.35245
	39	0.44975
	40	0.55428
	41	0.65919
	42	0.7587
	43	0.85274
	44	0.94655
	45	1.04611
	46	1.13647
	47	1.20889
	48	1.27577
	49	1.34736
	50	1.42036
E1, Repl. 5, 05_3E0_3uL_  Qty or , FAM	Cycles	Fluorescence (dRn)
	1	0.00528
	2	0.0032
	3	0.00092
	4	0.00156
	5	0.00102
	6	0.00031
	7	0.00024
	8	-0.00152
	9	-0.00175
	10	0.00007
	11	0.00244
	12	0.00168
	13	-0.00131
	14	-0.0024
	15	-0.00199
	16	-0.00222
	17	-0.00242
	18	-0.00281
	19	-0.00116
	20	0.00126
	21	0.00041
	22	-0.00174
	23	-0.00218
	24	-0.00012
	25	0.0017
	26	0.0025
	27	0.00215
	28	-0.00013
	29	-0.00235
	30	-0.00159
	31	0.00232
	32	0.00393
	33	0.00526
	34	0.01913
	35	0.04115
	36	0.07004
	37	0.11558
	38	0.18132
	39	0.26639
	40	0.36531
	41	0.47917
	42	0.5968
	43	0.70758
	44	0.81297
	45	0.9142
	46	1.01257
	47	1.10083
	48	1.18304
	49	1.25833
	50	1.32962
E2, Repl. 5, 05_3E0_3uL_  Qty or , FAM	Cycles	Fluorescence (dRn)
	1	0.00499
	2	0.00247
	3	0.00263
	4	0.00126
	5	-0.0008
	6	0.00089
	7	0.00275
	8	0.00022
	9	0.00025
	10	0.00114
	11	0.00107
	12	0.00018
	13	-0.00199
	14	-0.00067
	15	-0.00082
	16	-0.00155
	17	-0.00223
	18	-0.00277
	19	-0.00174
	20	-0.00349
	21	-0.00398
	22	-0.00444
	23	-0.00392
	24	0.00008
	25	0.00074
	26	0.00134
	27	0.00335
	28	0.00126
	29	-0.00089
	30	0.00073
	31	0.00252
	32	0.00262
	33	0.00137
	34	0.00242
	35	0.00946
	36	0.02056
	37	0.0368
	38	0.06619
	39	0.1131
	40	0.17475
	41	0.25182
	42	0.34176
	43	0.44182
	44	0.54565
	45	0.64362
	46	0.74193
	47	0.84145
	48	0.93463
	49	1.02263
	50	1.11036
E3, Repl. 5, 05_3E0_3uL_  Qty or , FAM	Cycles	Fluorescence (dRn)
	1	0.00549
	2	0.00175
	3	-0.00164
	4	-0.0046
	5	-0.00425
	6	-0.00138
	7	0.00213
	8	0.00056
	9	-0.00169
	10	-0.00196
	11	0.00057
	12	0.00318
	13	0.00322
	14	0.00241
	15	0.0001
	16	0.00103
	17	0.0009
	18	-0.00044
	19	0.00026
	20	0.00168
	21	0.0001
	22	-0.00246
	23	-0.00058
	24	0.0022
	25	-0.0001
	26	-0.00095
	27	0.00158
	28	0.00192
	29	0.00249
	30	0.00272
	31	0.00148
	32	0.00082
	33	-0.00003
	34	-0.00357
	35	-0.00272
	36	0.00196
	37	0.00219
	38	0.0016
	39	0.0005
	40	-0.00108
	41	-0.00066
	42	0.00056
	43	0.0015
	44	0.00044
	45	-0.00431
	46	-0.00579
	47	-0.00225
	48	0.00008
	49	0.00088
	50	0.00137
F1, Repl. 6, 06_3E-1_3uL_  Qty or, FAM	Cycles	Fluorescence (dRn)
	1	0.01426
	2	0.00777
	3	0.00023
	4	-0.00357
	5	-0.00136
	6	0.00133
	7	-0.00054
	8	-0.00072
	9	0.00066
	10	0.00036
	11	0.00018
	12	-0.00138
	13	-0.00189
	14	0.00021
	15	-0.00171
	16	-0.00173
	17	-0.00129
	18	-0.00322
	19	-0.00258
	20	-0.00083
	21	0.00282
	22	0.00494
	23	0.00221
	24	-0.00099
	25	0.00085
	26	0.00288
	27	0.00166
	28	-0.00048
	29	-0.00185
	30	0.00165
	31	0.00532
	32	0.00336
	33	0.00381
	34	0.00417
	35	0.0035
	36	0.00461
	37	0.00364
	38	-0.00057
	39	-0.00407
	40	-0.0037
	41	-0.00234
	42	-0.00243
	43	-0.00286
	44	-0.00042
	45	-0.00001
	46	-0.00284
	47	-0.00408
	48	-0.0017
	49	0.00014
	50	0.00064
F2, Repl. 6, 06_3E-1_3uL_  Qty or, FAM	Cycles	Fluorescence (dRn)
	1	0.00554
	2	0.00155
	3	0.00294
	4	0.00189
	5	0.00007
	6	0.00094
	7	0.00032
	8	-0.00158
	9	-0.00105
	10	0.00092
	11	0.00079
	12	0.0011
	13	0.00204
	14	0.00218
	15	0.00183
	16	0.00146
	17	0.00132
	18	0.00079
	19	0.00152
	20	0.00313
	21	0.00134
	22	-0.00062
	23	-0.00179
	24	-0.00526
	25	-0.00656
	26	-0.0059
	27	-0.00621
	28	-0.0034
	29	-0.00086
	30	-0.00127
	31	-0.00217
	32	-0.00302
	33	-0.00305
	34	-0.00232
	35	-0.00173
	36	-0.00087
	37	0.00064
	38	0.00238
	39	0.00263
	40	0.00213
	41	0.00299
	42	0.00041
	43	-0.00153
	44	0.00088
	45	0.00044
	46	-0.0013
	47	0.00015
	48	0.00183
	49	0.0038
	50	0.00606
F3, Repl. 6, 06_3E-1_3uL_  Qty or, FAM	Cycles	Fluorescence (dRn)
	1	0.01638
	2	0.0111
	3	0.00479
	4	0.00096
	5	0.00168
	6	0.00356
	7	0.00003
	8	-0.00159
	9	0.00303
	10	0.00707
	11	0.00401
	12	-0.00199
	13	-0.00416
	14	-0.00239
	15	-0.00177
	16	-0.00194
	17	-0.0028
	18	-0.00436
	19	-0.00483
	20	-0.00387
	21	-0.00189
	22	-0.00069
	23	-0.00003
	24	-0.00188
	25	-0.00288
	26	-0.00141
	27	-0.0029
	28	-0.00131
	29	0.00165
	30	0.00239
	31	0.00177
	32	-0.00051
	33	0.00146
	34	0.00445
	35	0.00599
	36	0.00479
	37	0.00392
	38	0.00443
	39	0.00342
	40	0.00394
	41	0.00219
	42	-0.00164
	43	-0.00235
	44	-0.00017
	45	-0.00161
	46	-0.0037
	47	-0.00197
	48	-0.00318
	49	-0.00277
	50	-0.00015
G1, Repl. 7, 07_3E-2_3uL_  Qty or, FAM	Cycles	Fluorescence (dRn)
	1	0.00736
	2	0.00574
	3	0.00309
	4	0.00184
	5	0.00324
	6	-0.00032
	7	-0.00219
	8	-0.00129
	9	0.0006
	10	0.00293
	11	0.00327
	12	0.00339
	13	0.00271
	14	-0.00255
	15	-0.00288
	16	0.00296
	17	0.00369
	18	0.00273
	19	0.00176
	20	0.00234
	21	0.00074
	22	-0.00476
	23	-0.00781
	24	-0.00625
	25	-0.00143
	26	0.00174
	27	0.00124
	28	-0.00032
	29	-0.00038
	30	0.00081
	31	0.00154
	32	0.00198
	33	-0.00072
	34	-0.00221
	35	-0.0035
	36	-0.00786
	37	-0.00545
	38	-0.00204
	39	-0.00216
	40	0.00197
	41	0.00459
	42	0.00356
	43	0.0028
	44	0.00211
	45	0.00043
	46	-0.00082
	47	0.00226
	48	0.004
	49	0.00093
	50	-0.00214
G2, Repl. 7, 07_3E-2_3uL_  Qty or, FAM	Cycles	Fluorescence (dRn)
	1	0.00699
	2	0.00237
	3	-0.00345
	4	-0.00331
	5	-0.00117
	6	-0.00396
	7	-0.00451
	8	-0.00448
	9	-0.00417
	10	-0.00208
	11	-0.00123
	12	0.00019
	13	0.00055
	14	-0.00451
	15	-0.00456
	16	0.0022
	17	0.00091
	18	-0.00181
	19	-0.00011
	20	0.00003
	21	-0.00098
	22	-0.0026
	23	0.00099
	24	0.00519
	25	0.00595
	26	0.00649
	27	0.00616
	28	0.00698
	29	0.00648
	30	0.00619
	31	0.00423
	32	0.00414
	33	0.00476
	34	0.00231
	35	0.00188
	36	-0.00096
	37	-0.00136
	38	-0.00022
	39	0.00007
	40	0.00082
	41	0.00084
	42	-0.00077
	43	-0.00329
	44	-0.00326
	45	-0.00342
	46	-0.00221
	47	-0.0031
	48	-0.00382
	49	-0.00372
	50	-0.00623
G3, Repl. 7, 07_3E-2_3uL_  Qty or, FAM	Cycles	Fluorescence (dRn)
	1	0.01222
	2	0.00342
	3	-0.00339
	4	-0.00608
	5	-0.00225
	6	-0.00158
	7	-0.00464
	8	-0.00377
	9	-0.00216
	10	-0.00153
	11	-0.00116
	12	-0.00132
	13	0.00039
	14	-0.00193
	15	-0.00083
	16	0.00529
	17	0.00406
	18	0.00405
	19	0.00421
	20	0.00337
	21	0.00256
	22	-0.00082
	23	0.00006
	24	0.00459
	25	0.00662
	26	0.00624
	27	0.00581
	28	0.00497
	29	0.00351
	30	0.00334
	31	-0.00101
	32	-0.00281
	33	0.00009
	34	0.00172
	35	-0.00005
	36	-0.00506
	37	-0.00592
	38	-0.00305
	39	-0.00045
	40	0.00032
	41	0.00147
	42	0.00152
	43	-0.0017
	44	-0.00208
	45	-0.00204
	46	-0.00128
	47	-0.00005
	48	-0.00204
	49	-0.00254
	50	-0.00264
H1, Repl. 8, 08_NTC_3uL_  Qty or , FAM	Cycles	Fluorescence (dRn)
	1	0.00951
	2	0.00505
	3	0.00136
	4	-0.00014
	5	0.00194
	6	0.00152
	7	-0.00217
	8	-0.00283
	9	0.00106
	10	0.00148
	11	-0.00211
	12	-0.00395
	13	-0.0032
	14	-0.00266
	15	-0.00268
	16	0.00064
	17	0.00115
	18	-0.00141
	19	-0.00221
	20	-0.00099
	21	0.00194
	22	0.00277
	23	0.00321
	24	0.00309
	25	0.00224
	26	0.00135
	27	0.00008
	28	0.00053
	29	0.00123
	30	0.00236
	31	0.00033
	32	-0.0013
	33	0.00146
	34	0.00252
	35	0.00171
	36	0.00125
	37	0.00091
	38	0.00057
	39	-0.00119
	40	-0.0028
	41	-0.00106
	42	-0.00008
	43	-0.00197
	44	-0.00104
	45	0.00192
	46	0.00235
	47	-0.00091
	48	-0.00347
	49	-0.00236
	50	-0.00046
H2, Repl. 8, 08_NTC_3uL_  Qty or , FAM	Cycles	Fluorescence (dRn)
	1	0.01383
	2	0.00719
	3	0.0059
	4	0.00403
	5	0.0047
	6	0.00154
	7	-0.00276
	8	-0.00277
	9	-0.00065
	10	-0.00034
	11	0.00031
	12	0.00003
	13	-0.00185
	14	-0.00233
	15	-0.00089
	16	0.00239
	17	0.00251
	18	0.00218
	19	0.00237
	20	0.00392
	21	0.00918
	22	0.01066
	23	0.0066
	24	0.00267
	25	0.00031
	26	-0.003
	27	-0.00453
	28	-0.00452
	29	-0.00531
	30	-0.00504
	31	-0.00388
	32	-0.00362
	33	-0.00364
	34	-0.00182
	35	-0.00105
	36	-0.00151
	37	-0.00177
	38	-0.00125
	39	-0.00226
	40	-0.00194
	41	0.00067
	42	0.00156
	43	0.00127
	44	0.00138
	45	0.00076
	46	-0.00078
	47	-0.0011
	48	0.00074
	49	0.00336
	50	0.00576
H3, Repl. 8, 08_NTC_3uL_  Qty or , FAM	Cycles	Fluorescence (dRn)
	1	0.02813
	2	0.02065
	3	0.01724
	4	0.01503
	5	0.01447
	6	0.01067
	7	0.00432
	8	0.00232
	9	0.00581
	10	0.00681
	11	0.00116
	12	0.00007
	13	0.00028
	14	-0.00345
	15	-0.00442
	16	-0.00103
	17	0.00079
	18	-0.00245
	19	-0.00635
	20	-0.00606
	21	-0.00513
	22	-0.00667
	23	-0.00484
	24	-0.0019
	25	-0.00001
	26	0.00074
	27	0.00061
	28	0.00073
	29	0.00175
	30	0.0032
	31	0.00103
	32	0.00036
	33	0.00256
	34	0.00408
	35	0.0057
	36	0.00311
	37	0.00096
	38	0.00171
	39	-0.00182
	40	-0.00273
	41	0.00137
	42	0.00179
	43	-0.00095
	44	0.00003
	45	0.00091
	46	-0.00117
	47	-0.00215
	48	-0.00163
	49	-0.00041
	50	0.00095
A4, Repl. 9, 09_FNE001_3uL_  Qty , FAM	Cycles	Fluorescence (dRn)
	1	0.02298
	2	0.01667
	3	0.01425
	4	0.00891
	5	0.00427
	6	0.00559
	7	0.00278
	8	-0.0016
	9	0.00037
	10	0.00034
	11	-0.00133
	12	-0.00204
	13	-0.00196
	14	-0.0011
	15	-0.00217
	16	-0.0023
	17	-0.00131
	18	-0.00264
	19	-0.00385
	20	-0.00229
	21	-0.00224
	22	-0.00211
	23	-0.00141
	24	-0.00007
	25	0.00237
	26	0.00491
	27	0.00779
	28	0.01442
	29	0.03072
	30	0.05857
	31	0.1038
	32	0.16894
	33	0.25484
	34	0.35541
	35	0.46096
	36	0.56549
	37	0.67516
	38	0.78652
	39	0.89046
	40	0.99059
	41	1.08173
	42	1.16386
	43	1.23843
	44	1.30872
	45	1.36809
	46	1.41443
	47	1.46171
	48	1.50599
	49	1.54092
	50	1.57592
A5, Repl. 9, 09_FNE001_3uL_  Qty , FAM	Cycles	Fluorescence (dRn)
	1	0.01296
	2	0.011
	3	0.00908
	4	0.00676
	5	0.00751
	6	0.00522
	7	0.00052
	8	-0.00183
	9	-0.00149
	10	0.00044
	11	0.00139
	12	0.00108
	13	0.00024
	14	0.00035
	15	0.00349
	16	0.00507
	17	0.00025
	18	-0.0042
	19	-0.00359
	20	-0.00338
	21	-0.00257
	22	-0.0003
	23	-0.00115
	24	0.0003
	25	0.00245
	26	0.00291
	27	0.00502
	28	0.0153
	29	0.03723
	30	0.06568
	31	0.1088
	32	0.17187
	33	0.25551
	34	0.35178
	35	0.45312
	36	0.5564
	37	0.66157
	38	0.76656
	39	0.86768
	40	0.96517
	41	1.05282
	42	1.13411
	43	1.21109
	44	1.28458
	45	1.34682
	46	1.39392
	47	1.44375
	48	1.49254
	49	1.5304
	50	1.56881
A6, Repl. 9, 09_FNE001_3uL_  Qty , FAM	Cycles	Fluorescence (dRn)
	1	0.00955
	2	0.00285
	3	0.00007
	4	-0.00003
	5	-0.00058
	6	0.00151
	7	0.0008
	8	-0.00174
	9	0.00192
	10	0.00389
	11	0.00054
	12	-0.0008
	13	-0.00017
	14	-0.00231
	15	-0.00239
	16	0.00087
	17	0.00284
	18	0.00218
	19	-0.00171
	20	-0.00411
	21	-0.00376
	22	-0.00227
	23	-0.0032
	24	-0.00386
	25	0.00014
	26	0.00377
	27	0.00841
	28	0.01868
	29	0.03639
	30	0.06705
	31	0.11416
	32	0.17841
	33	0.26154
	34	0.35692
	35	0.45776
	36	0.56074
	37	0.6673
	38	0.77332
	39	0.87669
	40	0.97668
	41	1.06988
	42	1.15325
	43	1.22796
	44	1.29557
	45	1.3497
	46	1.39663
	47	1.43987
	48	1.48292
	49	1.5192
	50	1.5502
A7, Repl. 9, 09_FNE001_3uL_  Qty , FAM	Cycles	Fluorescence (dRn)
	1	0.02366
	2	0.01808
	3	0.01179
	4	0.00956
	5	0.00974
	6	0.00832
	7	0.00194
	8	0.00004
	9	0.00222
	10	0.00221
	11	0.00178
	12	0.00184
	13	0.0021
	14	0.00052
	15	-0.00133
	16	-0.00119
	17	-0.00012
	18	-0.00204
	19	-0.00549
	20	-0.00712
	21	-0.00555
	22	-0.00506
	23	-0.00513
	24	-0.00085
	25	0.0041
	26	0.00667
	27	0.01047
	28	0.02121
	29	0.03805
	30	0.06349
	31	0.10441
	32	0.16294
	33	0.24027
	34	0.33246
	35	0.43309
	36	0.53718
	37	0.64101
	38	0.74229
	39	0.8402
	40	0.93495
	41	1.02639
	42	1.10933
	43	1.18634
	44	1.26008
	45	1.32318
	46	1.37277
	47	1.41318
	48	1.45629
	49	1.49925
	50	1.53955
A8, Repl. 9, 09_FNE001_3uL_  Qty , FAM	Cycles	Fluorescence (dRn)
	1	0.02701
	2	0.0213
	3	0.01539
	4	0.00954
	5	0.00527
	6	0.00489
	7	0.00315
	8	-0.00064
	9	-0.00058
	10	0.00053
	11	-0.00121
	12	-0.00335
	13	-0.0043
	14	-0.00098
	15	0.00118
	16	-0.0012
	17	-0.00387
	18	-0.00404
	19	-0.00381
	20	-0.00275
	21	-0.00033
	22	-0.0001
	23	-0.00127
	24	-0.00024
	25	0.00127
	26	0.00381
	27	0.00854
	28	0.01174
	29	0.0229
	30	0.05072
	31	0.09206
	32	0.15244
	33	0.23248
	34	0.32695
	35	0.43349
	36	0.54104
	37	0.64639
	38	0.75376
	39	0.85898
	40	0.95305
	41	1.03906
	42	1.1193
	43	1.19295
	44	1.26094
	45	1.32729
	46	1.38309
	47	1.4294
	48	1.47294
	49	1.51175
	50	1.5521
A9, Repl. 9, 09_FNE001_3uL_  Qty , FAM	Cycles	Fluorescence (dRn)
	1	0.00841
	2	0.00427
	3	0.00327
	4	0.00137
	5	-0.00073
	6	0
	7	0.00041
	8	0.00048
	9	0.00032
	10	0.00157
	11	0.00236
	12	0.00009
	13	-0.00092
	14	-0.00109
	15	-0.00185
	16	-0.0024
	17	-0.00267
	18	-0.00246
	19	-0.00191
	20	0.00144
	21	0.0028
	22	0.00181
	23	0.00041
	24	-0.00084
	25	0.00007
	26	0.00008
	27	0.00167
	28	0.00679
	29	0.02247
	30	0.05488
	31	0.10001
	32	0.15941
	33	0.24025
	34	0.33952
	35	0.44463
	36	0.55208
	37	0.66021
	38	0.76326
	39	0.86505
	40	0.96483
	41	1.05228
	42	1.13487
	43	1.2083
	44	1.26399
	45	1.31706
	46	1.3611
	47	1.40139
	48	1.43992
	49	1.47025
	50	1.50296
B4, Repl. 10, 10_FNE002_3uL_  Qty , FAM	Cycles	Fluorescence (dRn)
	1	0.00495
	2	0.00232
	3	-0.00099
	4	-0.00127
	5	0.0015
	6	0.00288
	7	0.00157
	8	-0.00175
	9	-0.00469
	10	-0.00156
	11	0.00173
	12	-0.00127
	13	-0.00143
	14	0.00112
	15	0.00111
	16	0.00171
	17	0.00157
	18	-0.00141
	19	-0.00179
	20	0.00049
	21	0.00186
	22	-0.00015
	23	-0.00395
	24	-0.003
	25	-0.00012
	26	0.00157
	27	0.00396
	28	0.01049
	29	0.0241
	30	0.04889
	31	0.08952
	32	0.14371
	33	0.21857
	34	0.31362
	35	0.41457
	36	0.51796
	37	0.61809
	38	0.71655
	39	0.81688
	40	0.91962
	41	1.01833
	42	1.10071
	43	1.17508
	44	1.24434
	45	1.31176
	46	1.36448
	47	1.40859
	48	1.45545
	49	1.49695
	50	1.54007
B5, Repl. 10, 10_FNE002_3uL_  Qty , FAM	Cycles	Fluorescence (dRn)
	1	0.00736
	2	0.00554
	3	0.00209
	4	0.00056
	5	0.00282
	6	0.00439
	7	0.00238
	8	-0.00138
	9	-0.00378
	10	-0.00246
	11	-0.0016
	12	-0.00342
	13	-0.00462
	14	-0.00445
	15	-0.00286
	16	-0.00081
	17	-0.00014
	18	-0.0022
	19	-0.00221
	20	0.00023
	21	0.00036
	22	0
	23	-0.0002
	24	0.00064
	25	0.00296
	26	0.0036
	27	0.00457
	28	0.01121
	29	0.02454
	30	0.04838
	31	0.0859
	32	0.13879
	33	0.20897
	34	0.2955
	35	0.38868
	36	0.48105
	37	0.57485
	38	0.67132
	39	0.76555
	40	0.86002
	41	0.94856
	42	1.02378
	43	1.09635
	44	1.16946
	45	1.23215
	46	1.27684
	47	1.32994
	48	1.38828
	49	1.42909
	50	1.46925
B6, Repl. 10, 10_FNE002_3uL_  Qty , FAM	Cycles	Fluorescence (dRn)
	1	0.01809
	2	0.01331
	3	0.0066
	4	0.00161
	5	0.00168
	6	0.00441
	7	0.00433
	8	0.00113
	9	-0.00107
	10	0.00074
	11	0.00166
	12	-0.00126
	13	-0.00408
	14	-0.00487
	15	-0.00245
	16	0.00018
	17	-0.00125
	18	-0.00524
	19	-0.00592
	20	-0.00454
	21	-0.00205
	22	0.00064
	23	-0.00007
	24	0.00185
	25	0.00485
	26	0.00514
	27	0.00458
	28	0.00833
	29	0.02149
	30	0.04306
	31	0.07483
	32	0.12003
	33	0.18589
	34	0.27103
	35	0.36191
	36	0.45554
	37	0.54977
	38	0.64407
	39	0.7388
	40	0.8313
	41	0.91955
	42	0.99799
	43	1.07026
	44	1.14275
	45	1.20368
	46	1.24947
	47	1.29898
	48	1.35323
	49	1.4003
	50	1.44563
B7, Repl. 10, 10_FNE002_3uL_  Qty , FAM	Cycles	Fluorescence (dRn)
	1	-0.00022
	2	-0.00067
	3	-0.00185
	4	-0.00122
	5	0.00046
	6	0.00376
	7	0.00357
	8	-0.00068
	9	-0.00379
	10	-0.00268
	11	-0.0011
	12	-0.0009
	13	-0.00077
	14	-0.00059
	15	0.00038
	16	0.00034
	17	-0.00103
	18	-0.0023
	19	-0.00004
	20	0.00232
	21	0.00406
	22	0.00188
	23	-0.00136
	24	-0.00082
	25	-0.00105
	26	-0.00097
	27	0.00133
	28	0.00629
	29	0.01857
	30	0.04268
	31	0.07792
	32	0.1273
	33	0.19718
	34	0.2828
	35	0.37258
	36	0.46388
	37	0.55946
	38	0.65729
	39	0.74732
	40	0.83533
	41	0.91687
	42	0.99242
	43	1.06513
	44	1.13226
	45	1.1964
	46	1.24496
	47	1.28716
	48	1.33685
	49	1.38052
	50	1.4188
B8, Repl. 10, 10_FNE002_3uL_  Qty , FAM	Cycles	Fluorescence (dRn)
	1	-0.00489
	2	-0.00625
	3	-0.00706
	4	-0.00495
	5	-0.00257
	6	0.0007
	7	0.00223
	8	-0.00063
	9	-0.00338
	10	-0.00211
	11	-0.00106
	12	-0.00148
	13	0.0001
	14	0.0026
	15	0.00254
	16	0.00258
	17	0.00248
	18	-0.00137
	19	-0.00151
	20	-0.00049
	21	0.00064
	22	0.00333
	23	-0.00043
	24	-0.00505
	25	-0.0033
	26	0.00081
	27	0.00283
	28	0.00725
	29	0.02213
	30	0.04725
	31	0.08426
	32	0.13559
	33	0.2051
	34	0.29389
	35	0.39137
	36	0.48851
	37	0.58458
	38	0.68557
	39	0.78426
	40	0.87875
	41	0.96646
	42	1.0414
	43	1.11474
	44	1.18819
	45	1.25081
	46	1.29757
	47	1.34432
	48	1.39275
	49	1.43242
	50	1.47083
B9, Repl. 10, 10_FNE002_3uL_  Qty , FAM	Cycles	Fluorescence (dRn)
	1	0.00612
	2	0.005
	3	0.00361
	4	0.00303
	5	0.00422
	6	0.0037
	7	-0.00047
	8	-0.00287
	9	-0.00311
	10	-0.00136
	11	0.00126
	12	0.00024
	13	-0.00431
	14	-0.00589
	15	-0.00167
	16	-0.0012
	17	-0.0033
	18	-0.00385
	19	-0.00616
	20	-0.00474
	21	-0.00084
	22	-0.00075
	23	-0.00375
	24	-0.00184
	25	0.00426
	26	0.00857
	27	0.01222
	28	0.01766
	29	0.03084
	30	0.05294
	31	0.08731
	32	0.13868
	33	0.21137
	34	0.30036
	35	0.39409
	36	0.49368
	37	0.59045
	38	0.68479
	39	0.78273
	40	0.88013
	41	0.97323
	42	1.05779
	43	1.13218
	44	1.19992
	45	1.26671
	46	1.32691
	47	1.38022
	48	1.42618
	49	1.4644
	50	1.50364
C4, Repl. 11, 11_FNE003_3uL_  Qty , FAM	Cycles	Fluorescence (dRn)
	1	0.00867
	2	0.00575
	3	0.00338
	4	0.00108
	5	-0.00127
	6	-0.00337
	7	-0.0004
	8	0.00295
	9	0.00227
	10	0.00029
	11	-0.00258
	12	-0.00257
	13	0.00012
	14	0.00197
	15	0.00326
	16	0.0025
	17	0.00064
	18	-0.00131
	19	-0.00014
	20	0.00112
	21	0
	22	-0.00193
	23	-0.00297
	24	-0.00329
	25	-0.00296
	26	0.00199
	27	0.0046
	28	0.00944
	29	0.02283
	30	0.04378
	31	0.08182
	32	0.13972
	33	0.21682
	34	0.3098
	35	0.41166
	36	0.51685
	37	0.62166
	38	0.72632
	39	0.83056
	40	0.92764
	41	1.0168
	42	1.1012
	43	1.17802
	44	1.25182
	45	1.31872
	46	1.38171
	47	1.4364
	48	1.47622
	49	1.51654
	50	1.56021
C5, Repl. 11, 11_FNE003_3uL_  Qty , FAM	Cycles	Fluorescence (dRn)
	1	0.00242
	2	0.00344
	3	0.00294
	4	-0.00092
	5	-0.00106
	6	0.00074
	7	0.00269
	8	0.00287
	9	-0.00079
	10	-0.00348
	11	-0.00338
	12	-0.00216
	13	-0.00114
	14	0.00046
	15	0.0018
	16	0.00152
	17	-0.00032
	18	-0.00241
	19	-0.00146
	20	-0.00084
	21	-0.00247
	22	-0.00162
	23	-0.00311
	24	-0.00447
	25	-0.00278
	26	0.00167
	27	0.00511
	28	0.00919
	29	0.01833
	30	0.03668
	31	0.07587
	32	0.13179
	33	0.20236
	34	0.28933
	35	0.38805
	36	0.49569
	37	0.59865
	38	0.69918
	39	0.80614
	40	0.90407
	41	0.99243
	42	1.07766
	43	1.15366
	44	1.22549
	45	1.2942
	46	1.35092
	47	1.40265
	48	1.44827
	49	1.4866
	50	1.52693
C6, Repl. 11, 11_FNE003_3uL_  Qty , FAM	Cycles	Fluorescence (dRn)
	1	-0.00307
	2	-0.0015
	3	0.00001
	4	0.00054
	5	0.00205
	6	0.00141
	7	0.00057
	8	0.00046
	9	0.00058
	10	0.00116
	11	0.00002
	12	-0.00026
	13	-0.00029
	14	0.00005
	15	0.00104
	16	-0.00113
	17	-0.00219
	18	-0.00382
	19	-0.00185
	20	0.0019
	21	0.00006
	22	-0.00377
	23	-0.0045
	24	-0.00115
	25	0.00076
	26	0.00289
	27	0.00696
	28	0.01331
	29	0.02409
	30	0.04531
	31	0.08277
	32	0.13775
	33	0.2079
	34	0.29396
	35	0.39192
	36	0.49754
	37	0.59923
	38	0.69621
	39	0.79893
	40	0.89579
	41	0.98447
	42	1.06701
	43	1.139
	44	1.20645
	45	1.27696
	46	1.34499
	47	1.39458
	48	1.4326
	49	1.47494
	50	1.51804
C7, Repl. 11, 11_FNE003_3uL_  Qty , FAM	Cycles	Fluorescence (dRn)
	1	0.01404
	2	0.00831
	3	0.00392
	4	0.00444
	5	0.00276
	6	0.00028
	7	0.00074
	8	-0.00107
	9	-0.00232
	10	-0.00221
	11	-0.0023
	12	-0.00171
	13	-0.00242
	14	-0.00161
	15	-0.00171
	16	-0.00432
	17	-0.00424
	18	-0.00339
	19	-0.00504
	20	-0.0063
	21	-0.00518
	22	-0.00312
	23	-0.00255
	24	-0.00107
	25	0.00311
	26	0.01082
	27	0.01618
	28	0.01979
	29	0.03447
	30	0.05915
	31	0.09606
	32	0.15216
	33	0.22753
	34	0.31634
	35	0.40986
	36	0.50875
	37	0.60669
	38	0.69991
	39	0.79475
	40	0.88718
	41	0.9725
	42	1.05491
	43	1.12514
	44	1.1889
	45	1.25584
	46	1.3131
	47	1.36101
	48	1.40536
	49	1.4447
	50	1.48157
C8, Repl. 11, 11_FNE003_3uL_  Qty , FAM	Cycles	Fluorescence (dRn)
	1	0.01686
	2	0.01453
	3	0.0117
	4	0.00879
	5	0.00503
	6	0.0037
	7	0.00185
	8	0.0009
	9	0.00089
	10	-0.00064
	11	-0.0014
	12	-0.00262
	13	-0.004
	14	-0.00213
	15	-0.00021
	16	-0.00113
	17	-0.00226
	18	-0.00122
	19	-0.00031
	20	-0.00199
	21	-0.00315
	22	-0.00323
	23	-0.00268
	24	0.0001
	25	0.00202
	26	0.00419
	27	0.0083
	28	0.01315
	29	0.02493
	30	0.04629
	31	0.08325
	32	0.13832
	33	0.20978
	34	0.29776
	35	0.39937
	36	0.50684
	37	0.60969
	38	0.71363
	39	0.8172
	40	0.91359
	41	1.00406
	42	1.08838
	43	1.16437
	44	1.23431
	45	1.29922
	46	1.3527
	47	1.40499
	48	1.45343
	49	1.49759
	50	1.5455
C9, Repl. 11, 11_FNE003_3uL_  Qty , FAM	Cycles	Fluorescence (dRn)
	1	-0.00027
	2	-0.00043
	3	-0.00088
	4	0.00015
	5	0.00004
	6	0
	7	0.00035
	8	-0.00039
	9	0.00059
	10	0.00076
	11	-0.00056
	12	-0.00112
	13	-0.00207
	14	-0.00046
	15	0.00226
	16	0.00398
	17	0.00152
	18	-0.00087
	19	0.00072
	20	0.00093
	21	-0.00153
	22	-0.00176
	23	-0.00027
	24	-0.00115
	25	-0.00108
	26	-0.00035
	27	0.00165
	28	0.00644
	29	0.01764
	30	0.04095
	31	0.07583
	32	0.12935
	33	0.20536
	34	0.29508
	35	0.39482
	36	0.50088
	37	0.60284
	38	0.70714
	39	0.81372
	40	0.91118
	41	0.99834
	42	1.08055
	43	1.15662
	44	1.22505
	45	1.29146
	46	1.34837
	47	1.39887
	48	1.44834
	49	1.4918
	50	1.53438
D4, Repl. 12, 12_FNE004_3uL_  Qty , FAM	Cycles	Fluorescence (dRn)
	1	0.00461
	2	0.00147
	3	0.00202
	4	0.00112
	5	0.00059
	6	-0.00091
	7	0.00066
	8	0.00149
	9	-0.00475
	10	-0.00599
	11	-0.00134
	12	-0.00081
	13	-0.00186
	14	0.00096
	15	0.00737
	16	0.01269
	17	0.02398
	18	0.05035
	19	0.09284
	20	0.154
	21	0.23129
	22	0.32125
	23	0.41767
	24	0.52342
	25	0.63504
	26	0.74199
	27	0.84727
	28	0.94805
	29	1.0421
	30	1.13859
	31	1.22631
	32	1.29835
	33	1.37159
	34	1.44125
	35	1.50626
	36	1.57213
	37	1.62611
	38	1.66513
	39	1.70724
	40	1.74872
	41	1.78191
	42	1.81119
	43	1.8343
	44	1.85251
	45	1.87811
	46	1.89999
	47	1.90787
	48	1.91129
	49	1.91938
	50	1.93205
D5, Repl. 12, 12_FNE004_3uL_  Qty , FAM	Cycles	Fluorescence (dRn)
	1	0.00591
	2	0.00199
	3	0.00119
	4	-0.00019
	5	-0.00015
	6	-0.00165
	7	-0.00064
	8	0.00189
	9	-0.00068
	10	-0.00282
	11	-0.00128
	12	-0.00028
	13	-0.0024
	14	-0.00096
	15	0.00597
	16	0.01246
	17	0.02523
	18	0.04964
	19	0.09135
	20	0.15557
	21	0.23258
	22	0.32158
	23	0.42402
	24	0.53515
	25	0.64681
	26	0.75385
	27	0.85956
	28	0.95677
	29	1.04726
	30	1.13914
	31	1.2248
	32	1.30263
	33	1.37436
	34	1.44054
	35	1.49926
	36	1.55656
	37	1.60849
	38	1.64896
	39	1.68389
	40	1.72222
	41	1.75854
	42	1.78572
	43	1.81132
	44	1.83066
	45	1.84994
	46	1.86562
	47	1.8748
	48	1.88122
	49	1.88622
	50	1.89378
D6, Repl. 12, 12_FNE004_3uL_  Qty , FAM	Cycles	Fluorescence (dRn)
	1	0.0208
	2	0.01333
	3	0.00964
	4	0.00753
	5	0.00518
	6	0.00166
	7	0.00138
	8	0.00189
	9	-0.00183
	10	-0.00357
	11	-0.00138
	12	-0.00079
	13	-0.00122
	14	0.00002
	15	0.00385
	16	0.00936
	17	0.02108
	18	0.04584
	19	0.08565
	20	0.14335
	21	0.21631
	22	0.30076
	23	0.39482
	24	0.49543
	25	0.5959
	26	0.69451
	27	0.79284
	28	0.88561
	29	0.97226
	30	1.05941
	31	1.1409
	32	1.21689
	33	1.28753
	34	1.3542
	35	1.41751
	36	1.47531
	37	1.52437
	38	1.5612
	39	1.60613
	40	1.64915
	41	1.6806
	42	1.70718
	43	1.72715
	44	1.74734
	45	1.77618
	46	1.79743
	47	1.81123
	48	1.82278
	49	1.83033
	50	1.84166
D7, Repl. 12, 12_FNE004_3uL_  Qty , FAM	Cycles	Fluorescence (dRn)
	1	-0.00033
	2	-0.00053
	3	-0.00129
	4	-0.00048
	5	0.00133
	6	0.00106
	7	0.00206
	8	0.00155
	9	-0.00244
	10	-0.00325
	11	0.00103
	12	0.00191
	13	-0.00058
	14	-0.00037
	15	0.00591
	16	0.01321
	17	0.02594
	18	0.05055
	19	0.08739
	20	0.1433
	21	0.2146
	22	0.29919
	23	0.39101
	24	0.48943
	25	0.59113
	26	0.687
	27	0.78074
	28	0.86949
	29	0.9546
	30	1.0407
	31	1.12163
	32	1.19795
	33	1.26749
	34	1.33454
	35	1.39411
	36	1.44752
	37	1.49884
	38	1.541
	39	1.58363
	40	1.62659
	41	1.65902
	42	1.68182
	43	1.7034
	44	1.72769
	45	1.76102
	46	1.78056
	47	1.78734
	48	1.79532
	49	1.80395
	50	1.81674
D8, Repl. 12, 12_FNE004_3uL_  Qty , FAM	Cycles	Fluorescence (dRn)
	1	-0.00415
	2	-0.00786
	3	-0.00634
	4	-0.00236
	5	-0.00192
	6	-0.00359
	7	-0.00118
	8	0.0027
	9	0.00166
	10	-0.00123
	11	-0.00121
	12	-0.00059
	13	-0.00228
	14	-0.00209
	15	0.00423
	16	0.01076
	17	0.02057
	18	0.0471
	19	0.09293
	20	0.15544
	21	0.23164
	22	0.32007
	23	0.42198
	24	0.52994
	25	0.63641
	26	0.74292
	27	0.84895
	28	0.94533
	29	1.03699
	30	1.13093
	31	1.21153
	32	1.29159
	33	1.36916
	34	1.43687
	35	1.50124
	36	1.56204
	37	1.61342
	38	1.65256
	39	1.69278
	40	1.7372
	41	1.77361
	42	1.7998
	43	1.8252
	44	1.843
	45	1.86603
	46	1.88587
	47	1.89354
	48	1.89697
	49	1.904
	50	1.91685
D9, Repl. 12, 12_FNE004_3uL_  Qty , FAM	Cycles	Fluorescence (dRn)
	1	0.00309
	2	0.00135
	3	0.00316
	4	0.0043
	5	-0.00047
	6	-0.00262
	7	-0.00142
	8	-0.00281
	9	-0.00299
	10	-0.00233
	11	-0.00198
	12	-0.00239
	13	-0.00063
	14	0.00234
	15	0.00647
	16	0.01355
	17	0.02879
	18	0.05824
	19	0.10255
	20	0.16479
	21	0.24712
	22	0.34098
	23	0.44394
	24	0.55823
	25	0.67438
	26	0.78793
	27	0.89603
	28	0.99496
	29	1.0908
	30	1.18209
	31	1.27081
	32	1.35741
	33	1.43033
	34	1.49152
	35	1.55344
	36	1.6143
	37	1.65939
	38	1.70055
	39	1.74734
	40	1.78631
	41	1.82035
	42	1.85102
	43	1.86911
	44	1.88784
	45	1.92014
	46	1.94412
	47	1.95087
	48	1.95619
	49	1.96237
	50	1.96806
E4, Repl. 13, 13_FNE005_3uL_  Qty , FAM	Cycles	Fluorescence (dRn)
	1	0.00821
	2	0.00345
	3	0.00104
	4	-0.00012
	5	-0.00212
	6	-0.00168
	7	0.0035
	8	0.00229
	9	-0.00185
	10	-0.00422
	11	-0.00486
	12	-0.00366
	13	-0.00172
	14	0.00241
	15	0.00755
	16	0.01594
	17	0.03244
	18	0.06152
	19	0.11124
	20	0.17942
	21	0.26409
	22	0.36617
	23	0.47666
	24	0.58582
	25	0.69047
	26	0.79673
	27	0.90154
	28	0.99978
	29	1.09404
	30	1.1822
	31	1.26434
	32	1.33875
	33	1.4101
	34	1.48062
	35	1.54804
	36	1.61096
	37	1.65525
	38	1.69492
	39	1.73436
	40	1.76936
	41	1.80398
	42	1.83273
	43	1.86228
	44	1.88657
	45	1.90275
	46	1.91405
	47	1.92347
	48	1.93727
	49	1.95015
	50	1.96045
E5, Repl. 13, 13_FNE005_3uL_  Qty , FAM	Cycles	Fluorescence (dRn)
	1	0.01522
	2	0.00846
	3	0.00804
	4	0.00605
	5	0.00116
	6	-0.00088
	7	-0.00075
	8	0.00002
	9	0.00119
	10	-0.00005
	11	-0.0003
	12	-0.00063
	13	-0.0019
	14	0.00213
	15	0.00998
	16	0.0192
	17	0.03819
	18	0.06664
	19	0.10876
	20	0.17492
	21	0.25853
	22	0.35267
	23	0.44993
	24	0.5487
	25	0.64983
	26	0.751
	27	0.85256
	28	0.94633
	29	1.03554
	30	1.12298
	31	1.2043
	32	1.28132
	33	1.35198
	34	1.41647
	35	1.48246
	36	1.54222
	37	1.58647
	38	1.63776
	39	1.68425
	40	1.71495
	41	1.75258
	42	1.79005
	43	1.82256
	44	1.84289
	45	1.86021
	46	1.88081
	47	1.89398
	48	1.90141
	49	1.90862
	50	1.91872
E6, Repl. 13, 13_FNE005_3uL_  Qty , FAM	Cycles	Fluorescence (dRn)
	1	0.00101
	2	-0.0006
	3	0.00134
	4	0.00141
	5	0.00033
	6	0.00087
	7	-0.00119
	8	-0.00172
	9	0.00016
	10	-0.00068
	11	-0.00073
	12	-0.00173
	13	-0.00208
	14	0.00119
	15	0.00341
	16	0.01172
	17	0.02797
	18	0.05431
	19	0.10156
	20	0.16899
	21	0.25125
	22	0.34693
	23	0.44988
	24	0.55634
	25	0.66259
	26	0.76576
	27	0.86951
	28	0.96855
	29	1.06215
	30	1.14755
	31	1.22765
	32	1.30421
	33	1.3717
	34	1.4426
	35	1.51261
	36	1.57154
	37	1.61835
	38	1.66134
	39	1.70432
	40	1.73921
	41	1.76725
	42	1.79381
	43	1.82204
	44	1.84275
	45	1.85418
	46	1.86311
	47	1.87854
	48	1.89241
	49	1.89358
	50	1.89352
E7, Repl. 13, 13_FNE005_3uL_  Qty , FAM	Cycles	Fluorescence (dRn)
	1	0.00394
	2	0.00252
	3	0.00118
	4	0.0013
	5	-0.00108
	6	-0.00145
	7	-0.00013
	8	-0.00174
	9	-0.00131
	10	-0.00272
	11	-0.0025
	12	0.00003
	13	0.00143
	14	0.00448
	15	0.00864
	16	0.01867
	17	0.03742
	18	0.06641
	19	0.11209
	20	0.1747
	21	0.25353
	22	0.3433
	23	0.44083
	24	0.54092
	25	0.64029
	26	0.74207
	27	0.83908
	28	0.93324
	29	1.02525
	30	1.10649
	31	1.18149
	32	1.25246
	33	1.31391
	34	1.38433
	35	1.45622
	36	1.51373
	37	1.55896
	38	1.60038
	39	1.64521
	40	1.68309
	41	1.71838
	42	1.74959
	43	1.77593
	44	1.79966
	45	1.82193
	46	1.83425
	47	1.84353
	48	1.85861
	49	1.86843
	50	1.87767
E8, Repl. 13, 13_FNE005_3uL_  Qty , FAM	Cycles	Fluorescence (dRn)
	1	0.02892
	2	0.02361
	3	0.01793
	4	0.01151
	5	0.0073
	6	0.00666
	7	0.00569
	8	0.00203
	9	-0.00169
	10	-0.00454
	11	-0.00462
	12	-0.0023
	13	-0.00125
	14	0.00096
	15	0.00572
	16	0.01377
	17	0.03081
	18	0.06114
	19	0.10906
	20	0.17429
	21	0.25854
	22	0.3532
	23	0.45546
	24	0.56632
	25	0.67174
	26	0.77062
	27	0.86908
	28	0.96497
	29	1.05535
	30	1.13798
	31	1.21553
	32	1.29167
	33	1.36237
	34	1.42885
	35	1.49425
	36	1.55192
	37	1.59644
	38	1.6415
	39	1.68189
	40	1.71189
	41	1.74353
	42	1.77591
	43	1.80175
	44	1.81865
	45	1.83845
	46	1.85527
	47	1.86766
	48	1.88101
	49	1.88845
	50	1.89426
E9, Repl. 13, 13_FNE005_3uL_  Qty , FAM	Cycles	Fluorescence (dRn)
	1	0.01193
	2	0.00515
	3	0.00279
	4	0.00187
	5	-0.00238
	6	-0.00241
	7	0.00226
	8	0.00239
	9	-0.00017
	10	-0.00264
	11	-0.00441
	12	-0.00363
	13	-0.00129
	14	0.00195
	15	0.00567
	16	0.01368
	17	0.03024
	18	0.05956
	19	0.11007
	20	0.18131
	21	0.26856
	22	0.3713
	23	0.48197
	24	0.59212
	25	0.69757
	26	0.80238
	27	0.90908
	28	1.00767
	29	1.10221
	30	1.18992
	31	1.26579
	32	1.33992
	33	1.40962
	34	1.47597
	35	1.54887
	36	1.61235
	37	1.65006
	38	1.68722
	39	1.72903
	40	1.76142
	41	1.79247
	42	1.82204
	43	1.85125
	44	1.87619
	45	1.88497
	46	1.8935
	47	1.91137
	48	1.92525
	49	1.93312
	50	1.94107
F4, Repl. 14, 14_FNE006_3uL_  Qty , FAM	Cycles	Fluorescence (dRn)
	1	0.01525
	2	0.01202
	3	0.00663
	4	0.00504
	5	0.00591
	6	0.00608
	7	0.00283
	8	-0.00251
	9	-0.00234
	10	0.00156
	11	0.00136
	12	-0.00089
	13	-0.00156
	14	0.00156
	15	0.00685
	16	0.01624
	17	0.03126
	18	0.05481
	19	0.0979
	20	0.16011
	21	0.23811
	22	0.32733
	23	0.42943
	24	0.54007
	25	0.64839
	26	0.75527
	27	0.85548
	28	0.95341
	29	1.05285
	30	1.14638
	31	1.22674
	32	1.29794
	33	1.37467
	34	1.44652
	35	1.50901
	36	1.56884
	37	1.62353
	38	1.67309
	39	1.70994
	40	1.7445
	41	1.78217
	42	1.80776
	43	1.82804
	44	1.85525
	45	1.8752
	46	1.89016
	47	1.91065
	48	1.91903
	49	1.92094
	50	1.92722
F5, Repl. 14, 14_FNE006_3uL_  Qty , FAM	Cycles	Fluorescence (dRn)
	1	0.01031
	2	0.00689
	3	0.00514
	4	0.00469
	5	0.00233
	6	0.00056
	7	-0.00041
	8	-0.00275
	9	-0.00119
	10	0.00254
	11	0.00047
	12	-0.00291
	13	-0.00243
	14	0.00032
	15	0.00347
	16	0.01057
	17	0.02471
	18	0.05341
	19	0.0988
	20	0.15977
	21	0.23775
	22	0.32676
	23	0.43165
	24	0.54488
	25	0.65357
	26	0.76129
	27	0.86657
	28	0.96643
	29	1.06188
	30	1.14946
	31	1.23038
	32	1.30249
	33	1.36959
	34	1.42979
	35	1.48664
	36	1.55044
	37	1.60126
	38	1.64082
	39	1.67938
	40	1.71154
	41	1.74477
	42	1.77137
	43	1.79438
	44	1.81637
	45	1.82418
	46	1.83401
	47	1.85876
	48	1.87064
	49	1.87459
	50	1.88747
F6, Repl. 14, 14_FNE006_3uL_  Qty , FAM	Cycles	Fluorescence (dRn)
	1	0.01858
	2	0.01037
	3	0.00294
	4	0.00019
	5	0.00047
	6	-0.00058
	7	-0.00057
	8	-0.0002
	9	-0.00163
	10	-0.00062
	11	-0.00257
	12	-0.00286
	13	-0.00038
	14	0.00166
	15	0.00415
	16	0.00989
	17	0.02185
	18	0.04666
	19	0.0922
	20	0.15273
	21	0.22513
	22	0.31116
	23	0.40896
	24	0.50972
	25	0.61004
	26	0.71088
	27	0.80901
	28	0.90195
	29	0.99416
	30	1.08011
	31	1.15531
	32	1.22739
	33	1.29527
	34	1.35845
	35	1.4174
	36	1.47027
	37	1.51991
	38	1.56773
	39	1.60899
	40	1.64611
	41	1.67927
	42	1.7027
	43	1.7246
	44	1.75155
	45	1.76956
	46	1.78236
	47	1.80102
	48	1.81033
	49	1.81886
	50	1.83293
F7, Repl. 14, 14_FNE006_3uL_  Qty , FAM	Cycles	Fluorescence (dRn)
	1	0.0016
	2	0.00103
	3	-0.00027
	4	0.00096
	5	0.0005
	6	-0.00015
	7	-0.00048
	8	-0.0021
	9	-0.00214
	10	0.00042
	11	0.00164
	12	0.00045
	13	-0.00088
	14	-0.00115
	15	0.00219
	16	0.00976
	17	0.02151
	18	0.04465
	19	0.08859
	20	0.15254
	21	0.22726
	22	0.31277
	23	0.40615
	24	0.50293
	25	0.6047
	26	0.70086
	27	0.79575
	28	0.88974
	29	0.97793
	30	1.06298
	31	1.1363
	32	1.20722
	33	1.27758
	34	1.34263
	35	1.40081
	36	1.45218
	37	1.50284
	38	1.54933
	39	1.59218
	40	1.63208
	41	1.67582
	42	1.70314
	43	1.71384
	44	1.73504
	45	1.75882
	46	1.78466
	47	1.80148
	48	1.80171
	49	1.81087
	50	1.82518
F8, Repl. 14, 14_FNE006_3uL_  Qty , FAM	Cycles	Fluorescence (dRn)
	1	0.00402
	2	0.0016
	3	-0.00031
	4	-0.00083
	5	0.00092
	6	0.00163
	7	-0.00002
	8	-0.00254
	9	-0.0012
	10	0.0012
	11	-0.00046
	12	-0.00238
	13	-0.00194
	14	0.0001
	15	0.00423
	16	0.01245
	17	0.02403
	18	0.04946
	19	0.0938
	20	0.15511
	21	0.22953
	22	0.31763
	23	0.41744
	24	0.51922
	25	0.62558
	26	0.73211
	27	0.83237
	28	0.93213
	29	1.02766
	30	1.11312
	31	1.19038
	32	1.26341
	33	1.33619
	34	1.40413
	35	1.4637
	36	1.51899
	37	1.56982
	38	1.62051
	39	1.66631
	40	1.70427
	41	1.74385
	42	1.77118
	43	1.78842
	44	1.81398
	45	1.83442
	46	1.84909
	47	1.86602
	48	1.87098
	49	1.87469
	50	1.88457
F9, Repl. 14, 14_FNE006_3uL_  Qty , FAM	Cycles	Fluorescence (dRn)
	1	0.01823
	2	0.01152
	3	0.00927
	4	0.00806
	5	0.00796
	6	0.00674
	7	0.00321
	8	-0.00064
	9	-0.00178
	10	0.001
	11	-0.00045
	12	-0.00312
	13	-0.00188
	14	-0.00062
	15	0.00428
	16	0.01503
	17	0.02896
	18	0.0546
	19	0.09911
	20	0.16275
	21	0.24116
	22	0.33222
	23	0.43624
	24	0.54655
	25	0.65779
	26	0.76291
	27	0.86743
	28	0.97266
	29	1.07111
	30	1.15815
	31	1.23457
	32	1.30822
	33	1.37529
	34	1.44034
	35	1.50285
	36	1.55825
	37	1.60842
	38	1.65351
	39	1.69657
	40	1.73377
	41	1.76802
	42	1.79119
	43	1.8098
	44	1.83792
	45	1.86134
	46	1.87815
	47	1.89549
	48	1.90222
	49	1.90469
	50	1.91411
G4, Repl. 15, 15_FNE007_3uL_  Qty , FAM	Cycles	Fluorescence (dRn)
	1	0.02406
	2	0.01073
	3	0.00548
	4	0.00604
	5	0.00675
	6	-0.00016
	7	-0.00444
	8	-0.00376
	9	-0.00535
	10	-0.00514
	11	-0.00522
	12	-0.00133
	13	0.00481
	14	0.00013
	15	-0.00322
	16	0.00132
	17	0.00029
	18	-0.00063
	19	0.00154
	20	0.00452
	21	0.00323
	22	-0.00046
	23	0.00386
	24	0.00752
	25	0.00566
	26	0.00518
	27	0.00368
	28	0.00153
	29	-0.00013
	30	0.00242
	31	0.00033
	32	-0.00089
	33	0.00143
	34	0.00011
	35	-0.00181
	36	-0.00506
	37	-0.0019
	38	0.00157
	39	0.0009
	40	0.00194
	41	0.00372
	42	0.00425
	43	0.00095
	44	-0.00479
	45	-0.00576
	46	-0.00295
	47	-0.00291
	48	-0.00308
	49	-0.0014
	50	-0.00064
G5, Repl. 15, 15_FNE007_3uL_  Qty , FAM	Cycles	Fluorescence (dRn)
	1	0.03126
	2	0.02092
	3	0.01385
	4	0.00882
	5	0.00906
	6	0.00529
	7	-0.0015
	8	-0.00421
	9	-0.00077
	10	0.00311
	11	0.00163
	12	0.00476
	13	0.00819
	14	0.00272
	15	0.00302
	16	0.00817
	17	0.00582
	18	0.00302
	19	0.00211
	20	0.00432
	21	0.00412
	22	-0.00183
	23	-0.00377
	24	-0.00473
	25	-0.00253
	26	-0.00737
	27	-0.01105
	28	-0.00825
	29	-0.00977
	30	-0.00611
	31	-0.00427
	32	-0.00216
	33	0.00029
	34	-0.00066
	35	-0.00108
	36	-0.00553
	37	-0.00696
	38	-0.00293
	39	0.001
	40	0.00278
	41	0.00187
	42	0.00382
	43	0.00065
	44	0.00115
	45	0.00451
	46	0.00237
	47	0.00146
	48	0.00047
	49	0.00473
	50	0.00938
G6, Repl. 15, 15_FNE007_3uL_  Qty , FAM	Cycles	Fluorescence (dRn)
	1	0.01523
	2	0.00846
	3	0.00579
	4	0.0016
	5	-0.00104
	6	-0.00265
	7	-0.00773
	8	-0.00904
	9	-0.00356
	10	0.00041
	11	-0.00051
	12	0.00021
	13	-0.00149
	14	-0.00602
	15	-0.00077
	16	0.0082
	17	0.00705
	18	0.00374
	19	0.00343
	20	0.00438
	21	0.00244
	22	-0.00133
	23	-0.00222
	24	-0.0034
	25	-0.00188
	26	-0.00058
	27	0.00049
	28	0.00197
	29	0.00241
	30	0.00624
	31	0.00471
	32	0.00249
	33	0.00289
	34	0.00204
	35	0.00175
	36	-0.00268
	37	-0.00181
	38	0.00202
	39	0.00104
	40	0.00066
	41	0.00215
	42	0.00494
	43	0.00241
	44	0.00056
	45	-0.00194
	46	-0.0071
	47	-0.00637
	48	-0.00595
	49	-0.00399
	50	-0.00024
G7, Repl. 15, 15_FNE007_3uL_  Qty , FAM	Cycles	Fluorescence (dRn)
	1	0.03314
	2	0.02301
	3	0.01746
	4	0.01194
	5	0.00857
	6	0.00435
	7	-0.00138
	8	-0.00128
	9	0.00352
	10	0.00195
	11	-0.00317
	12	-0.00187
	13	-0.00198
	14	-0.00653
	15	-0.00321
	16	0.00152
	17	-0.00448
	18	-0.00799
	19	-0.00678
	20	-0.00455
	21	-0.00485
	22	-0.0096
	23	-0.00666
	24	-0.00071
	25	0.0063
	26	0.01197
	27	0.00904
	28	0.00642
	29	0.00667
	30	0.01072
	31	0.01127
	32	0.0073
	33	0.00755
	34	0.00509
	35	0.00316
	36	0.00005
	37	-0.00318
	38	-0.00257
	39	-0.00076
	40	0.00244
	41	0.00284
	42	0.00106
	43	-0.00451
	44	-0.00457
	45	-0.00251
	46	-0.00359
	47	-0.00273
	48	-0.00478
	49	-0.0051
	50	-0.00389
G8, Repl. 15, 15_FNE007_3uL_  Qty , FAM	Cycles	Fluorescence (dRn)
	1	0.0149
	2	0.00909
	3	0.00352
	4	-0.00162
	5	-0.00176
	6	-0.00422
	7	-0.00868
	8	-0.00721
	9	-0.00424
	10	-0.00324
	11	-0.00411
	12	-0.00278
	13	-0.00109
	14	-0.00395
	15	-0.00112
	16	0.00408
	17	-0.00063
	18	-0.00286
	19	0.0012
	20	0.00533
	21	0.00637
	22	0.0031
	23	0.00379
	24	0.00675
	25	0.00802
	26	0.00498
	27	0.00437
	28	0.0043
	29	0.00166
	30	0.00626
	31	0.00747
	32	0.00576
	33	0.00303
	34	-0.00079
	35	-0.00092
	36	-0.00454
	37	-0.00513
	38	-0.0033
	39	-0.00228
	40	0.00186
	41	0.00285
	42	0.00071
	43	-0.00354
	44	-0.00373
	45	-0.00318
	46	-0.00497
	47	-0.00479
	48	-0.00424
	49	-0.00152
	50	0.00092
G9, Repl. 15, 15_FNE007_3uL_  Qty , FAM	Cycles	Fluorescence (dRn)
	1	-0.00203
	2	-0.01052
	3	-0.01437
	4	-0.0126
	5	-0.00864
	6	-0.00877
	7	-0.00794
	8	-0.00498
	9	-0.00236
	10	-0.00021
	11	0.00013
	12	0.00184
	13	0.00313
	14	0.00258
	15	0.00612
	16	0.00826
	17	0.00327
	18	0.00276
	19	0.00616
	20	0.00987
	21	0.01008
	22	0.00815
	23	0.00851
	24	0.00449
	25	0.00487
	26	0.00407
	27	0.00066
	28	0.00025
	29	-0.00073
	30	0.00308
	31	0.00614
	32	0.00644
	33	0.00295
	34	-0.00208
	35	-0.00214
	36	-0.00185
	37	-0.0021
	38	-0.00005
	39	0.00085
	40	0.00101
	41	-0.00005
	42	-0.00074
	43	-0.0012
	44	-0.00128
	45	-0.00296
	46	-0.00761
	47	-0.00866
	48	-0.00728
	49	-0.00469
	50	-0.00239
H4, Repl. 16, 16_FNE008_3uL_  Qty , FAM	Cycles	Fluorescence (dRn)
	1	0.0213
	2	0.01023
	3	0.00262
	4	0.00202
	5	0.00577
	6	0.0051
	7	-0.00213
	8	-0.00246
	9	0.00331
	10	0.00258
	11	0.0013
	12	-0.00004
	13	-0.00089
	14	-0.00255
	15	-0.00465
	16	-0.00094
	17	0.00091
	18	-0.00177
	19	-0.00359
	20	-0.00276
	21	-0.00244
	22	-0.0053
	23	-0.00405
	24	-0.00016
	25	0.00157
	26	-0.00064
	27	-0.00103
	28	-0.00163
	29	-0.00139
	30	0.00458
	31	0.00476
	32	0.003
	33	0.00195
	34	-0.0011
	35	-0.00208
	36	-0.0008
	37	-0.00135
	38	-0.00273
	39	-0.00249
	40	-0.00238
	41	-0.00244
	42	0.0007
	43	0.00442
	44	0.0035
	45	-0.00096
	46	-0.00175
	47	0.00167
	48	0.00304
	49	0.00218
	50	0.00153
H5, Repl. 16, 16_FNE008_3uL_  Qty , FAM	Cycles	Fluorescence (dRn)
	1	0.01263
	2	0.00458
	3	0.00037
	4	-0.00065
	5	-0.00081
	6	-0.00433
	7	-0.00898
	8	-0.01209
	9	-0.00991
	10	-0.00771
	11	-0.00652
	12	-0.00401
	13	-0.00243
	14	-0.003
	15	-0.00253
	16	0.00115
	17	0.00247
	18	0.00233
	19	0.00172
	20	0.00047
	21	0.0021
	22	0.00362
	23	0.00553
	24	0.00804
	25	0.00698
	26	0.00745
	27	0.01113
	28	0.01035
	29	0.00785
	30	0.0101
	31	0.00856
	32	0.00563
	33	0.00594
	34	0.00305
	35	0.00159
	36	0.00655
	37	0.0049
	38	-0.00221
	39	-0.00196
	40	-0.00233
	41	-0.00383
	42	-0.00513
	43	-0.0027
	44	0.00054
	45	-0.00642
	46	-0.01084
	47	-0.00756
	48	-0.00576
	49	-0.00613
	50	-0.00601
H6, Repl. 16, 16_FNE008_3uL_  Qty , FAM	Cycles	Fluorescence (dRn)
	1	0.02244
	2	0.01065
	3	0.00206
	4	0.00048
	5	0.00485
	6	0.0048
	7	0.00184
	8	-0.00127
	9	-0.00048
	10	-0.0006
	11	-0.00169
	12	-0.0016
	13	-0.00286
	14	-0.00527
	15	-0.0046
	16	0.00278
	17	0.00201
	18	-0.00259
	19	-0.00621
	20	-0.00592
	21	-0.00326
	22	-0.00312
	23	-0.00059
	24	0.00081
	25	0.00231
	26	0.00349
	27	0.0041
	28	0.00286
	29	0.00216
	30	0.00532
	31	0.0038
	32	0.00355
	33	0.00511
	34	0.00258
	35	0.00092
	36	0.00124
	37	0.0015
	38	-0.00214
	39	-0.00505
	40	-0.00558
	41	-0.0002
	42	0.00363
	43	0.00256
	44	0.00149
	45	-0.00099
	46	-0.00323
	47	-0.00572
	48	-0.00341
	49	0.00024
	50	0.00243
H7, Repl. 16, 16_FNE008_3uL_  Qty , FAM	Cycles	Fluorescence (dRn)
	1	0.01448
	2	0.00091
	3	-0.0043
	4	-0.00391
	5	0.00095
	6	-0.00165
	7	-0.00524
	8	-0.00126
	9	0.0036
	10	0.00619
	11	0.00416
	12	0.00162
	13	-0.0003
	14	-0.0013
	15	0.0033
	16	0.00487
	17	0.00151
	18	0.00343
	19	0.00696
	20	0.00623
	21	0.0047
	22	0.00513
	23	0.00579
	24	0.00171
	25	-0.00207
	26	-0.00344
	27	-0.00429
	28	-0.00754
	29	-0.00936
	30	-0.00561
	31	-0.00259
	32	-0.00299
	33	-0.00524
	34	-0.00519
	35	-0.00659
	36	-0.00695
	37	-0.00494
	38	-0.0074
	39	-0.00742
	40	-0.00091
	41	0.00615
	42	0.00678
	43	0.00276
	44	0.00386
	45	0.00719
	46	0.00635
	47	0.00334
	48	0.00133
	49	0.00114
	50	0.00143
H8, Repl. 16, 16_FNE008_3uL_  Qty , FAM	Cycles	Fluorescence (dRn)
	1	0.01126
	2	0.00183
	3	-0.00209
	4	0.00262
	5	0.00598
	6	0.00113
	7	-0.0024
	8	-0.00101
	9	0.00141
	10	0.00305
	11	0.00287
	12	0.00078
	13	-0.00107
	14	-0.00134
	15	0.00131
	16	0.00427
	17	0.00293
	18	0.00032
	19	-0.00294
	20	-0.00351
	21	-0.00466
	22	-0.00574
	23	-0.00281
	24	-0.00383
	25	-0.00398
	26	0.00082
	27	0.00177
	28	0.00232
	29	-0.00067
	30	-0.00464
	31	-0.00018
	32	0.00036
	33	-0.00173
	34	0.00022
	35	0.00288
	36	0.00263
	37	-0.00209
	38	-0.00739
	39	-0.00634
	40	-0.00072
	41	0.00215
	42	0.00108
	43	-0.00102
	44	0.00213
	45	0.0053
	46	0.00482
	47	0.00145
	48	-0.00102
	49	0.00121
	50	0.00353
H9, Repl. 16, 16_FNE008_3uL_  Qty , FAM	Cycles	Fluorescence (dRn)
	1	0.0432
	2	0.0291
	3	0.02006
	4	0.01513
	5	0.01466
	6	0.01121
	7	0.00477
	8	0.00122
	9	0.00157
	10	0.00481
	11	0.00738
	12	0.00229
	13	-0.00559
	14	-0.00793
	15	-0.00436
	16	-0.00021
	17	-0.00122
	18	-0.00224
	19	-0.00179
	20	-0.00352
	21	-0.00544
	22	-0.00623
	23	-0.00181
	24	0.00225
	25	0.00201
	26	0.00353
	27	0.00263
	28	0.00014
	29	-0.00093
	30	0.00053
	31	0.00283
	32	0.00352
	33	0.00243
	34	0.00108
	35	0.00023
	36	0.00058
	37	0.0012
	38	-0.00303
	39	-0.00389
	40	-0.00104
	41	0.00156
	42	0.00212
	43	0.00049
	44	0.00176
	45	0.00134
	46	-0.00031
	47	0.00186
	48	0.0015
	49	-0.00207
	50	-0.004
A10, Repl. 17, 17_FNE009_3uL_  Qty , FAM	Cycles	Fluorescence (dRn)
	1	-0.00458
	2	-0.00429
	3	-0.00357
	4	-0.00331
	5	-0.00323
	6	-0.00145
	7	-0.00231
	8	-0.00362
	9	-0.00096
	10	0.00134
	11	0.0038
	12	0.00394
	13	0.00401
	14	0.00632
	15	0.00626
	16	0.00247
	17	0.00189
	18	0.00619
	19	0.0064
	20	0.00431
	21	0.0053
	22	0.005
	23	0.00024
	24	-0.00575
	25	-0.00599
	26	-0.00564
	27	-0.00571
	28	-0.0051
	29	-0.00371
	30	-0.00064
	31	-0.00118
	32	-0.0013
	33	-0.00056
	34	-0.00162
	35	-0.00234
	36	-0.00193
	37	-0.0019
	38	-0.00318
	39	-0.00273
	40	0.00226
	41	0.00305
	42	0.00129
	43	0.00242
	44	0.00441
	45	0.00533
	46	0.00186
	47	-0.00398
	48	-0.0061
	49	-0.00089
	50	0.00491
A11, Repl. 17, 17_FNE009_3uL_  Qty , FAM	Cycles	Fluorescence (dRn)
	1	0.01513
	2	0.01603
	3	0.01673
	4	0.01608
	5	0.01012
	6	0.00439
	7	0.00027
	8	-0.00075
	9	0.00112
	10	0.00254
	11	0.00443
	12	0.0002
	13	-0.00545
	14	-0.00436
	15	-0.00196
	16	-0.00366
	17	-0.00542
	18	-0.00363
	19	-0.00298
	20	-0.00374
	21	-0.00301
	22	-0.00214
	23	-0.00411
	24	-0.00199
	25	0.00336
	26	0.00313
	27	0.00402
	28	0.00399
	29	0.00147
	30	0.00441
	31	0.00543
	32	0.00217
	33	0.00234
	34	0.00195
	35	0.00286
	36	0.00176
	37	-0.00009
	38	0.0029
	39	0.00274
	40	0.0035
	41	0.00384
	42	0.00095
	43	-0.00087
	44	0.00226
	45	0.0038
	46	-0.00201
	47	-0.00725
	48	-0.00623
	49	-0.00464
	50	-0.00555
A12, Repl. 17, 17_FNE009_3uL_  Qty , FAM	Cycles	Fluorescence (dRn)
	1	0.01624
	2	0.01197
	3	0.00733
	4	0.00555
	5	0.00306
	6	-0.00269
	7	-0.00571
	8	-0.00552
	9	-0.00152
	10	0.00122
	11	0.00205
	12	-0.00144
	13	-0.00652
	14	-0.00472
	15	0.00044
	16	-0.00081
	17	-0.00268
	18	-0.00107
	19	-0.00152
	20	-0.00125
	21	-0.00061
	22	0.00008
	23	0.00134
	24	0.00555
	25	0.00804
	26	0.0053
	27	0.00107
	28	0.00152
	29	0.00397
	30	0.00662
	31	0.00929
	32	0.00472
	33	0.00305
	34	0.00485
	35	0.00533
	36	0.00342
	37	-0.00036
	38	0.00014
	39	0.00029
	40	-0.00089
	41	-0.00034
	42	0.00036
	43	0.00027
	44	-0.00029
	45	0.00018
	46	-0.00356
	47	-0.00886
	48	-0.00808
	49	-0.00592
	50	-0.00473
B10, Repl. 18, 18_FNE010_3uL_  Qty , FAM	Cycles	Fluorescence (dRn)
	1	0.01674
	2	0.0143
	3	0.01343
	4	0.00872
	5	0.00421
	6	0.00434
	7	0.00349
	8	0.00013
	9	-0.00093
	10	0.00096
	11	-0.00008
	12	-0.00228
	13	-0.00235
	14	-0.00193
	15	0.00003
	16	-0.00047
	17	-0.0033
	18	-0.00304
	19	-0.00191
	20	-0.00299
	21	-0.00323
	22	-0.00219
	23	-0.00025
	24	0.0021
	25	0.00261
	26	0.00247
	27	0.00079
	28	-0.0003
	29	0.0003
	30	-0.00031
	31	0.00091
	32	-0.00128
	33	-0.00313
	34	0.00012
	35	0.00244
	36	0.00505
	37	0.0102
	38	0.02139
	39	0.04952
	40	0.09981
	41	0.17051
	42	0.26012
	43	0.36164
	44	0.46973
	45	0.57963
	46	0.67829
	47	0.76684
	48	0.85015
	49	0.9258
	50	1.00175
B11, Repl. 18, 18_FNE010_3uL_  Qty , FAM	Cycles	Fluorescence (dRn)
	1	-0.00532
	2	-0.00917
	3	-0.01248
	4	-0.00866
	5	-0.00169
	6	-0.00056
	7	-0.00411
	8	-0.00482
	9	-0.00297
	10	0.00059
	11	0.00107
	12	-0.00078
	13	-0.00165
	14	-0.00054
	15	0.00407
	16	0.00609
	17	0.00376
	18	0.00118
	19	0.00051
	20	0.00139
	21	0.00367
	22	0.00665
	23	0.00534
	24	0.00322
	25	0.00206
	26	0.00026
	27	-0.00036
	28	-0.00224
	29	-0.00489
	30	-0.00225
	31	0.00126
	32	-0.00132
	33	-0.00438
	34	-0.0033
	35	-0.00035
	36	0.00005
	37	-0.00244
	38	-0.00457
	39	-0.00506
	40	-0.00484
	41	-0.00217
	42	0.0007
	43	0.00169
	44	0.00271
	45	0.00313
	46	0.00011
	47	-0.00241
	48	0.00024
	49	0.00302
	50	0.00493
B12, Repl. 18, 18_FNE010_3uL_  Qty , FAM	Cycles	Fluorescence (dRn)
	1	0.00301
	2	0.00178
	3	0.00022
	4	0.00116
	5	0.00268
	6	0.00437
	7	0.00278
	8	-0.00001
	9	-0.00005
	10	0.00376
	11	0.00136
	12	-0.00349
	13	-0.00353
	14	-0.00391
	15	-0.00206
	16	0.00102
	17	0.00038
	18	-0.00158
	19	-0.00246
	20	-0.00135
	21	0.00136
	22	-0.00068
	23	-0.00453
	24	-0.00287
	25	0.00051
	26	0.00127
	27	0.00019
	28	-0.00253
	29	-0.00341
	30	-0.00021
	31	0.00331
	32	0.00201
	33	0.00159
	34	0.00608
	35	0.01178
	36	0.02237
	37	0.03959
	38	0.06779
	39	0.11398
	40	0.18319
	41	0.26974
	42	0.36496
	43	0.46636
	44	0.57192
	45	0.68106
	46	0.78323
	47	0.88025
	48	0.97552
	49	1.06074
	50	1.14412
C10, Repl. 19, 19_FNE011_3uL_  Qty , FAM	Cycles	Fluorescence (dRn)
	1	0.00544
	2	0.00232
	3	-0.00112
	4	-0.0021
	5	0.00034
	6	0.00238
	7	0.00176
	8	0.00049
	9	0.00064
	10	0.00001
	11	-0.00085
	12	0.00331
	13	0.00425
	14	0.00539
	15	0.00539
	16	0.00049
	17	0.00101
	18	0.00202
	19	0.00202
	20	0.00131
	21	-0.00001
	22	0.00004
	23	-0.00434
	24	-0.01017
	25	-0.01045
	26	-0.00584
	27	-0.00349
	28	-0.0048
	29	-0.002
	30	0.00027
	31	-0.00154
	32	-0.00306
	33	-0.0017
	34	0.00081
	35	-0.00002
	36	-0.00031
	37	-0.0008
	38	0.0002
	39	0.00427
	40	0.00555
	41	0.0031
	42	0.00265
	43	0.00234
	44	0.0019
	45	0.0004
	46	-0.00151
	47	0.00009
	48	-0.00014
	49	0.00025
	50	0.00159
C11, Repl. 19, 19_FNE011_3uL_  Qty , FAM	Cycles	Fluorescence (dRn)
	1	0.0249
	2	0.02117
	3	0.01773
	4	0.01456
	5	0.00777
	6	0.00629
	7	0.00644
	8	0.00287
	9	0.00098
	10	-0.00001
	11	-0.00205
	12	-0.00307
	13	-0.00532
	14	-0.0055
	15	-0.00109
	16	0.00069
	17	-0.00118
	18	-0.00358
	19	-0.00327
	20	-0.00746
	21	-0.00886
	22	-0.00539
	23	-0.00909
	24	-0.01005
	25	-0.00401
	26	0.00201
	27	0.00428
	28	0.0052
	29	0.00488
	30	0.00444
	31	0.00371
	32	0.0025
	33	0.00403
	34	0.00523
	35	0.00461
	36	0.00553
	37	0.00436
	38	0.00409
	39	0.0063
	40	0.00602
	41	0.00153
	42	-0.00232
	43	-0.0034
	44	-0.00299
	45	-0.00035
	46	-0.0002
	47	-0.00217
	48	-0.0034
	49	-0.00385
	50	-0.00517
C12, Repl. 19, 19_FNE011_3uL_  Qty , FAM	Cycles	Fluorescence (dRn)
	1	0.0147
	2	0.01071
	3	0.00626
	4	0.00303
	5	-0.00118
	6	-0.00406
	7	-0.00195
	8	-0.00057
	9	-0.00025
	10	0.00022
	11	-0.00225
	12	-0.00231
	13	-0.00228
	14	-0.00241
	15	-0.00117
	16	-0.00102
	17	-0.00064
	18	-0.00172
	19	0.00053
	20	0.00221
	21	-0.0006
	22	-0.00294
	23	-0.00351
	24	0.00115
	25	0.00604
	26	0.00702
	27	0.00367
	28	0.00048
	29	0.00055
	30	0.00108
	31	0.00159
	32	0.00305
	33	0.00426
	34	0.00463
	35	0.0057
	36	0.00748
	37	0.00526
	38	0.00287
	39	0.00353
	40	0.00183
	41	-0.00108
	42	-0.00237
	43	-0.0022
	44	-0.00163
	45	-0.00089
	46	-0.00341
	47	-0.00591
	48	-0.00624
	49	-0.00568
	50	-0.00488
D10, Repl. 20, 20_FNE012_3uL_  Qty , FAM	Cycles	Fluorescence (dRn)
	1	0.01082
	2	0.00301
	3	-0.00071
	4	0.00054
	5	0.00065
	6	0.00075
	7	0.00404
	8	0.00489
	9	0.00021
	10	-0.00222
	11	-0.00026
	12	-0.00069
	13	-0.00231
	14	-0.0009
	15	-0.00025
	16	-0.00372
	17	-0.00533
	18	-0.00494
	19	-0.00411
	20	-0.00275
	21	-0.00143
	22	-0.00142
	23	-0.0007
	24	0.00359
	25	0.00664
	26	0.00709
	27	0.00546
	28	0.00208
	29	-0.00082
	30	-0.00091
	31	0.00037
	32	0.00388
	33	0.00534
	34	0.00006
	35	0.00028
	36	0.00418
	37	-0.00077
	38	-0.00458
	39	-0.00209
	40	-0.00251
	41	-0.00324
	42	-0.00108
	43	-0.00053
	44	-0.00164
	45	0.0001
	46	0.00155
	47	-0.0009
	48	-0.00121
	49	0.00066
	50	0.00088
D11, Repl. 20, 20_FNE012_3uL_  Qty , FAM	Cycles	Fluorescence (dRn)
	1	0.00157
	2	-0.00119
	3	-0.00219
	4	0.00059
	5	-0.00029
	6	-0.00225
	7	0.0008
	8	0.0016
	9	-0.00028
	10	-0.00119
	11	-0.00014
	12	0.00069
	13	0.00086
	14	0.00267
	15	0.00311
	16	0.00068
	17	-0.00128
	18	-0.00195
	19	-0.001
	20	0.00284
	21	0.00341
	22	0.00142
	23	0.00036
	24	0.00117
	25	0.00072
	26	-0.00196
	27	-0.0029
	28	-0.00346
	29	-0.00304
	30	-0.00224
	31	-0.00009
	32	0.00157
	33	0.0005
	34	0.00249
	35	0.01104
	36	0.02283
	37	0.03988
	38	0.07166
	39	0.12192
	40	0.19476
	41	0.28667
	42	0.38683
	43	0.48709
	44	0.58652
	45	0.69379
	46	0.79256
	47	0.87431
	48	0.94624
	49	1.01098
	50	1.07645
D12, Repl. 20, 20_FNE012_3uL_  Qty , FAM	Cycles	Fluorescence (dRn)
	1	0.00968
	2	0.00253
	3	-0.00249
	4	-0.00132
	5	-0.00062
	6	0.00251
	7	0.00477
	8	0.00398
	9	0.00343
	10	0.0013
	11	0.00236
	12	0.00251
	13	-0.00146
	14	-0.00211
	15	0.00224
	16	0.00337
	17	0.00036
	18	-0.00312
	19	-0.00208
	20	0.00212
	21	0.0027
	22	0.00137
	23	-0.00088
	24	-0.00293
	25	-0.0048
	26	-0.00438
	27	-0.00409
	28	-0.00689
	29	-0.00654
	30	-0.00458
	31	-0.00312
	32	-0.00134
	33	-0.00159
	34	-0.00218
	35	-0.0014
	36	0.00094
	37	0.00126
	38	-0.00193
	39	-0.00224
	40	0.00112
	41	0.00287
	42	0.00267
	43	0.00173
	44	0.00121
	45	0.00571
	46	0.00591
	47	0.0025
	48	0.00153
	49	0.00027
	50	-0.00058
E10, Repl. 21, 21_FNE013_3uL_  Qty , FAM	Cycles	Fluorescence (dRn)
	1	0.01483
	2	0.00599
	3	0.0055
	4	0.00368
	5	-0.00108
	6	-0.00161
	7	0.00079
	8	0.00352
	9	0.00593
	10	0.00466
	11	0.00332
	12	0.00359
	13	0.00239
	14	0.00319
	15	0.00347
	16	-0.00016
	17	0.00034
	18	0.00303
	19	0.00024
	20	-0.00305
	21	-0.00257
	22	-0.00284
	23	-0.0046
	24	-0.00515
	25	-0.00405
	26	-0.00488
	27	-0.00826
	28	-0.00618
	29	-0.00312
	30	-0.0033
	31	-0.00207
	32	-0.00212
	33	-0.00118
	34	0.00022
	35	-0.00011
	36	0.00012
	37	0.00047
	38	0.00123
	39	0.00114
	40	0.00045
	41	-0.00029
	42	0.00009
	43	0.00135
	44	-0.00021
	45	0.00075
	46	0.0029
	47	0.0034
	48	0.00396
	49	0.00329
	50	0.003
E11, Repl. 21, 21_FNE013_3uL_  Qty , FAM	Cycles	Fluorescence (dRn)
	1	0.03533
	2	0.02733
	3	0.02202
	4	0.01741
	5	0.01051
	6	0.00681
	7	0.00677
	8	0.0064
	9	0.0066
	10	0.00529
	11	0.00305
	12	-0.00387
	13	-0.00631
	14	-0.00389
	15	-0.00694
	16	-0.00806
	17	-0.00496
	18	-0.00319
	19	-0.00561
	20	-0.00651
	21	-0.00609
	22	-0.00853
	23	-0.00749
	24	-0.00452
	25	-0.0025
	26	-0.00058
	27	-0.00143
	28	-0.0004
	29	0.00417
	30	0.00657
	31	0.00266
	32	-0.00049
	33	0.00025
	34	0.00362
	35	0.00756
	36	0.01108
	37	0.01989
	38	0.04113
	39	0.07785
	40	0.13459
	41	0.21142
	42	0.29951
	43	0.3926
	44	0.48084
	45	0.57324
	46	0.66057
	47	0.73289
	48	0.79992
	49	0.85902
	50	0.91734
E12, Repl. 21, 21_FNE013_3uL_  Qty , FAM	Cycles	Fluorescence (dRn)
	1	0.0207
	2	0.01318
	3	0.00619
	4	0.00172
	5	-0.0008
	6	-0.00195
	7	-0.0016
	8	0.00078
	9	0.0033
	10	0.00248
	11	0.00092
	12	-0.00224
	13	-0.00336
	14	-0.00154
	15	-0.00145
	16	-0.00245
	17	-0.00538
	18	-0.00518
	19	-0.00225
	20	0.00079
	21	-0.00023
	22	-0.00298
	23	0.00147
	24	0.00539
	25	0.00381
	26	0.00366
	27	0.00463
	28	0.00261
	29	0.00148
	30	0.00189
	31	-0.00109
	32	-0.00241
	33	0.0001
	34	0.00538
	35	0.00886
	36	0.00496
	37	0.00141
	38	0.0007
	39	-0.00092
	40	-0.00271
	41	-0.00481
	42	-0.0052
	43	-0.00262
	44	-0.0038
	45	-0.0016
	46	0.00148
	47	0.00087
	48	0.00049
	49	-0.00106
	50	-0.00159
F10, Repl. 22, 22_FNE014_3uL_  Qty , FAM	Cycles	Fluorescence (dRn)
	1	0.01614
	2	0.01127
	3	0.00662
	4	0.00379
	5	0.0014
	6	0.00029
	7	-0.00291
	8	-0.00475
	9	-0.00105
	10	0.00165
	11	0.00203
	12	0.00354
	13	0.00346
	14	0.00055
	15	-0.00071
	16	-0.00084
	17	-0.00364
	18	-0.00294
	19	0.00107
	20	0.00192
	21	0.00028
	22	-0.00119
	23	0.00104
	24	0.00339
	25	0.00222
	26	0.00189
	27	0.00248
	28	0.00035
	29	0.00086
	30	0.00076
	31	-0.00339
	32	-0.00305
	33	-0.00273
	34	-0.00267
	35	0.00239
	36	0.00834
	37	0.01721
	38	0.03714
	39	0.06999
	40	0.11865
	41	0.18871
	42	0.27432
	43	0.36533
	44	0.45955
	45	0.55966
	46	0.65909
	47	0.74948
	48	0.83526
	49	0.91722
	50	0.99814
F11, Repl. 22, 22_FNE014_3uL_  Qty , FAM	Cycles	Fluorescence (dRn)
	1	0.00393
	2	-0.00005
	3	-0.00322
	4	-0.0035
	5	-0.0028
	6	-0.00097
	7	-0.00016
	8	-0.0044
	9	-0.00307
	10	0.0014
	11	0.00211
	12	0.00258
	13	0.00227
	14	0.00124
	15	0.00245
	16	0.00417
	17	0.00199
	18	0.00081
	19	0.00263
	20	0.00444
	21	0.00234
	22	0.0006
	23	0.00195
	24	0.00169
	25	0.00191
	26	-0.0008
	27	-0.00214
	28	-0.0015
	29	-0.0017
	30	0.00107
	31	-0.00093
	32	-0.00363
	33	-0.00319
	34	-0.00293
	35	-0.00334
	36	-0.00187
	37	-0.00004
	38	-0.00039
	39	0.00146
	40	0.0025
	41	0.00125
	42	-0.00127
	43	-0.00143
	44	0.00264
	45	0.00225
	46	0.00093
	47	-0.00018
	48	-0.00416
	49	-0.00198
	50	0.00292
F12, Repl. 22, 22_FNE014_3uL_  Qty , FAM	Cycles	Fluorescence (dRn)
	1	0.00934
	2	0.00831
	3	0.00787
	4	0.00456
	5	0.00206
	6	0.00047
	7	-0.00042
	8	-0.00174
	9	-0.00096
	10	0.00324
	11	0.00817
	12	0.008
	13	0.00194
	14	-0.00154
	15	0.00173
	16	0.00177
	17	-0.00132
	18	0.00026
	19	-0.00062
	20	-0.00323
	21	-0.00416
	22	-0.00209
	23	-0.00006
	24	-0.00164
	25	-0.00214
	26	-0.00249
	27	-0.00133
	28	0.00063
	29	-0.00075
	30	-0.00158
	31	-0.00348
	32	-0.00516
	33	-0.00349
	34	-0.0029
	35	-0.00201
	36	-0.00092
	37	-0.00256
	38	-0.00192
	39	0.00193
	40	0.00295
	41	0.00443
	42	0.00314
	43	0.00076
	44	0.00214
	45	-0.00079
	46	0.0003
	47	0.00307
	48	-0.00171
	49	0.00002
	50	0.00606
G10, Repl. 23, 23_FNE015_3uL_  Qty , FAM	Cycles	Fluorescence (dRn)
	1	0.00961
	2	0.00517
	3	0.00167
	4	0.00051
	5	0.00322
	6	0.00606
	7	0.00285
	8	-0.00266
	9	-0.00092
	10	0.00249
	11	-0.00099
	12	-0.00252
	13	-0.00124
	14	-0.00399
	15	-0.00193
	16	0.00208
	17	0.00037
	18	-0.00214
	19	-0.0031
	20	-0.00164
	21	-0.00013
	22	-0.00248
	23	-0.00549
	24	-0.00729
	25	-0.00406
	26	-0.00077
	27	-0.00212
	28	-0.00368
	29	-0.002
	30	0.00057
	31	-0.00064
	32	0.00146
	33	0.00405
	34	0.00683
	35	0.01246
	36	0.0191
	37	0.03748
	38	0.07417
	39	0.13133
	40	0.21159
	41	0.30647
	42	0.41091
	43	0.51816
	44	0.62503
	45	0.72313
	46	0.80523
	47	0.88173
	48	0.9581
	49	1.02859
	50	1.09472
G11, Repl. 23, 23_FNE015_3uL_  Qty , FAM	Cycles	Fluorescence (dRn)
	1	0.02226
	2	0.01682
	3	0.01433
	4	0.01236
	5	0.01127
	6	0.00968
	7	0.00367
	8	-0.00065
	9	0.00293
	10	0.00743
	11	0.00303
	12	0.00042
	13	0.00205
	14	0.00127
	15	-0.00107
	16	-0.00337
	17	-0.00301
	18	-0.00144
	19	-0.00187
	20	-0.00177
	21	-0.00259
	22	-0.00566
	23	-0.00822
	24	-0.00579
	25	-0.00196
	26	-0.00442
	27	-0.00448
	28	-0.00061
	29	0.00229
	30	0.00546
	31	0.00422
	32	0.00472
	33	0.00942
	34	0.0116
	35	0.02
	36	0.04006
	37	0.07217
	38	0.12435
	39	0.19561
	40	0.28022
	41	0.37215
	42	0.46678
	43	0.56476
	44	0.66704
	45	0.76149
	46	0.84858
	47	0.93374
	48	1.01871
	49	1.10101
	50	1.17775
G12, Repl. 23, 23_FNE015_3uL_  Qty , FAM	Cycles	Fluorescence (dRn)
	1	0.01205
	2	0.0107
	3	0.00981
	4	0.00889
	5	0.0078
	6	0.00513
	7	0.00012
	8	-0.00342
	9	-0.00078
	10	0.00349
	11	0.00146
	12	-0.00036
	13	0.00035
	14	0.00122
	15	0.00236
	16	0.00285
	17	0.0013
	18	0.00026
	19	-0.00214
	20	-0.00472
	21	-0.00438
	22	-0.00458
	23	-0.003
	24	0.00134
	25	0.00308
	26	-0.00032
	27	0.00085
	28	0.00397
	29	0.00347
	30	0.00286
	31	-0.00148
	32	-0.00377
	33	0.00067
	34	0.00703
	35	0.01799
	36	0.03252
	37	0.05567
	38	0.10328
	39	0.16997
	40	0.24617
	41	0.33471
	42	0.43057
	43	0.52553
	44	0.6219
	45	0.70992
	46	0.7927
	47	0.87711
	48	0.95681
	49	1.03555
	50	1.11551
H10, Repl. 24, 24_FNE016_3uL_  Qty , FAM	Cycles	Fluorescence (dRn)
	1	0.00971
	2	0.0051
	3	0.00189
	4	0.00102
	5	0.00261
	6	0.0016
	7	-0.00125
	8	-0.00324
	9	-0.00217
	10	-0.00063
	11	-0.00301
	12	-0.00487
	13	-0.00547
	14	-0.00459
	15	-0.00145
	16	0.00035
	17	0.00154
	18	0.00407
	19	0.00852
	20	0.01652
	21	0.03355
	22	0.06385
	23	0.11319
	24	0.18507
	25	0.2767
	26	0.38171
	27	0.49353
	28	0.60962
	29	0.72667
	30	0.84149
	31	0.95567
	32	1.06233
	33	1.15985
	34	1.25572
	35	1.3428
	36	1.42416
	37	1.49525
	38	1.55226
	39	1.61263
	40	1.66894
	41	1.71865
	42	1.76133
	43	1.79656
	44	1.84145
	45	1.87839
	46	1.89827
	47	1.9099
	48	1.92457
	49	1.94318
	50	1.95779
H11, Repl. 24, 24_FNE016_3uL_  Qty , FAM	Cycles	Fluorescence (dRn)
	1	0.0115
	2	0.00338
	3	-0.00065
	4	0.00066
	5	0.00271
	6	0
	7	-0.00274
	8	-0.00203
	9	0.00006
	10	0.00201
	11	0.00322
	12	0.00111
	13	-0.00269
	14	-0.00368
	15	-0.00147
	16	0.001
	17	0.00058
	18	0.00192
	19	0.00674
	20	0.01829
	21	0.03528
	22	0.05931
	23	0.10217
	24	0.16806
	25	0.2526
	26	0.35175
	27	0.45913
	28	0.56895
	29	0.6842
	30	0.80042
	31	0.90817
	32	1.00819
	33	1.10567
	34	1.20143
	35	1.28886
	36	1.36552
	37	1.44021
	38	1.50469
	39	1.56406
	40	1.62228
	41	1.67196
	42	1.719
	43	1.75959
	44	1.80396
	45	1.83491
	46	1.85389
	47	1.87823
	48	1.89811
	49	1.91598
	50	1.93324
H12, Repl. 24, 24_FNE016_3uL_  Qty , FAM	Cycles	Fluorescence (dRn)
	1	0.00647
	2	0.00346
	3	0.00135
	4	0.00099
	5	0.00226
	6	0.00149
	7	-0.00209
	8	-0.00229
	9	-0.00056
	10	-0.00038
	11	-0.00026
	12	-0.00369
	13	-0.00549
	14	-0.004
	15	-0.00227
	16	-0.00137
	17	0.0014
	18	0.0042
	19	0.00724
	20	0.01677
	21	0.03238
	22	0.05606
	23	0.09673
	24	0.16294
	25	0.24832
	26	0.34762
	27	0.45693
	28	0.57334
	29	0.69212
	30	0.81133
	31	0.92731
	32	1.03279
	33	1.13049
	34	1.22626
	35	1.31916
	36	1.39938
	37	1.47307
	38	1.54078
	39	1.60372
	40	1.66893
	41	1.73237
	42	1.78019
	43	1.8199
	44	1.8622
	45	1.89808
	46	1.92508
	47	1.94416
	48	1.96559
	49	1.98425
	50	1.99857
